0.11003,0.092242,0.03513,0.054495,0.074858,0.16848,0.060488,0.066781,0.35694,0.17117,0.29272,0.21057,0.24462,0.13593,0.078707,0.12601,0.15245
0.15502,0.1796,0.046929,0.043719,0.056957,0.091117,0.11756,0.23744,0.24614,0.068893,0.10728,0.093292,0.092766,0.051259,0.071328,0.086557,0.090095
0.12462,0.15883,0.061142,0.039409,0.052075,0.077364,0.080976,0.1484,0.2784,0.096365,0.12452,0.10173,0.090558,0.0627,0.058327,0.091919,0.092184
0.066869,0.16555,0.047198,0.034791,0.038649,0.065903,0.1322,0.27397,0.32188,0.1101,0.13142,0.090626,0.084484,0.069108,0.099086,0.18039,0.11814
0.094225,0.086133,0.059265,0.044643,0.059398,0.089971,0.08439,0.17237,0.21669,0.085799,0.10383,0.052865,0.066814,0.056751,0.068869,0.073918,0.091587
0.11125,0.14417,0.13945,0.10252,0.10049,0.15931,0.13073,0.10959,0.12553,0.064877,0.11992,0.12128,0.12645,0.11167,0.071328,0.056683,0.040573
0.13435,0.11851,0.053366,0.039101,0.069569,0.16619,0.13024,0.090183,0.19144,0.16462,0.14828,0.16793,0.13694,0.13913,0.10822,0.1555,0.18228
0.25471,0.10446,0.033789,0.047106,0.067128,0.1192,0.10927,0.12842,0.1101,0.068893,0.18851,0.16659,0.15516,0.14828,0.097681,0.090004,0.070406
0.26444,0.1515,0.039421,0.049261,0.051668,0.064756,0.10439,0.27911,0.39621,0.10503,0.18812,0.28476,0.32855,0.1881,0.14441,0.10303,0.087112
0.1617,0.18387,0.025476,0.034175,0.063466,0.11289,0.093171,0.098744,0.17111,0.080093,0.10996,0.11595,0.13694,0.075057,0.072734,0.0946,0.063246
0.080851,0.017715,0.010459,0.01601,0.02319,0.062464,0.10341,0.24258,0.37658,0.077346,0.11571,0.093736,0.164,0.10755,0.11138,0.10532,0.13156
0.12827,0.12951,0.071601,0.077894,0.11758,0.1702,0.12,0.14212,0.28752,0.24514,0.31877,0.22879,0.21756,0.19954,0.15812,0.25354,0.25388
0.090578,0.054979,0.011263,0.015394,0.043938,0.12436,0.057561,0.055936,0.17952,0.20393,0.32835,0.24611,0.19382,0.13227,0.078004,0.096132,0.11337
0.12948,0.18204,0.076428,0.061576,0.08096,0.17421,0.16,0.13642,0.27279,0.13863,0.20115,0.16126,0.1651,0.11762,0.096627,0.13596,0.11605
0.07538,0.051313,0.019576,0.037254,0.080146,0.12665,0.15854,0.26884,0.40323,0.087701,0.10383,0.090626,0.1005,0.099314,0.10647,0.12486,0.10233
0.23647,0.10385,0.036739,0.072968,0.11839,0.17421,0.13805,0.19977,0.37518,0.17942,0.23218,0.26522,0.25842,0.19954,0.15882,0.2455,0.20913
0.13495,0.097129,0.026817,0.032328,0.060618,0.11576,0.10049,0.12785,0.24614,0.1437,0.21992,0.19725,0.15461,0.10481,0.072031,0.13711,0.14021
0.074772,0.095296,0.014749,0.0089286,0.034174,0.044126,0.093659,0.1153,0.29032,0.075655,0.063602,0.075078,0.072336,0.045309,0.054462,0.14707,0.13067
0.34711,0.2022,0.033253,0.026786,0.04109,0.052722,0.059024,0.12957,0.20056,0.093195,0.16092,0.17637,0.17946,0.10206,0.096275,0.091536,0.1253
0.3386,0.20159,0.05712,0.064039,0.065094,0.12493,0.05561,0.093037,0.17321,0.09721,0.13831,0.14171,0.11541,0.13043,0.099789,0.12639,0.1071
0.24681,0.16371,0.070796,0.065887,0.074044,0.091691,0.066341,0.11358,0.19355,0.065089,0.13678,0.19369,0.15572,0.13135,0.080464,0.10303,0.092482
0.057143,0.088577,0.07321,0.049261,0.052482,0.083668,0.042927,0.050228,0.14867,0.13905,0.21954,0.19103,0.16124,0.10847,0.062193,0.065875,0.10352
0.19696,0.09102,0.029767,0.030172,0.062246,0.09914,0.11707,0.24201,0.40252,0.13694,0.12107,0.13994,0.12148,0.12906,0.14476,0.24665,0.15513
0.22006,0.26878,0.074283,0.077278,0.091131,0.15129,0.14585,0.20263,0.25456,0.053254,0.081226,0.12928,0.16289,0.14005,0.12017,0.13558,0.10113
0.090578,0.31032,0.16546,0.076355,0.082994,0.11748,0.067805,0.067922,0.15358,0.088546,0.24253,0.17548,0.13805,0.11487,0.057976,0.073152,0.058473
0.028571,0.34148,0.26844,0.27094,0.13873,0.13811,0.091707,0.058219,0.04979,0.071006,0.24061,0.24345,0.19161,0.12769,0.073436,0.052853,0.037589
0.12401,0.19792,0.14937,0.099446,0.077299,0.099713,0.074146,0.090183,0.12903,0.047126,0.13908,0.15549,0.11596,0.077803,0.04884,0.073918,0.046241
0.097264,0.16799,0.13033,0.11453,0.074044,0.084241,0.074146,0.067352,0.10659,0.057904,0.13065,0.16037,0.11154,0.089245,0.061138,0.055151,0.036098
0.15988,0.14783,0.11424,0.13793,0.15134,0.1553,0.13122,0.15297,0.16059,0.085165,0.16284,0.19502,0.19768,0.11762,0.09733,0.090387,0.076671
0.11307,0.18571,0.1853,0.12993,0.087469,0.08596,0.064878,0.076484,0.11921,0.1008,0.1387,0.13905,0.098288,0.11121,0.050246,0.060513,0.0358
0.14468,0.18632,0.12255,0.1016,0.085028,0.12951,0.10341,0.13014,0.15077,0.063398,0.11609,0.1235,0.13418,0.10069,0.088897,0.090004,0.073687
0.17204,0.1686,0.1255,0.13208,0.131,0.13983,0.11317,0.12272,0.18654,0.11644,0.20575,0.19147,0.21314,0.14737,0.086437,0.084642,0.078162
0.12888,0.27367,0.29633,0.20043,0.19406,0.16963,0.12098,0.083904,0.12202,0.11327,0.2387,0.26655,0.21645,0.1103,0.088545,0.064343,0.054594
0.11489,0.18571,0.23197,0.12654,0.089504,0.088825,0.090244,0.083904,0.12693,0.10799,0.21801,0.24123,0.23633,0.16613,0.078707,0.066258,0.067422
0.044985,0.30544,0.2199,0.1367,0.10537,0.095702,0.05122,0.045091,0.046985,0.068681,0.18659,0.22657,0.22198,0.13181,0.057625,0.057832,0.045644
0.12888,0.21625,0.21829,0.15025,0.10049,0.12149,0.096585,0.091895,0.14165,0.1306,0.27356,0.23145,0.20044,0.17986,0.090302,0.08694,0.075776
0.16353,0.1515,0.1912,0.14901,0.16111,0.12493,0.11854,0.071347,0.10519,0.065723,0.15632,0.1968,0.12976,0.13227,0.086086,0.054002,0.036396
0.11185,0.23702,0.26924,0.24877,0.20098,0.14269,0.093171,0.09589,0.16269,0.12172,0.23027,0.32741,0.27057,0.14462,0.083275,0.069322,0.062947
0.14954,0.20892,0.16546,0.1564,0.16111,0.22178,0.19268,0.21233,0.22511,0.077346,0.22184,0.21191,0.23909,0.19863,0.13985,0.16239,0.082936
0.18663,0.16188,0.054706,0.044335,0.065907,0.076791,0.091707,0.1113,0.18163,0.064877,0.11762,0.11861,0.091662,0.10023,0.091005,0.08694,0.061456
0.11064,0.16066,0.107,0.12161,0.090317,0.10487,0.083415,0.10845,0.098878,0.056213,0.14636,0.1546,0.13805,0.11304,0.076247,0.061279,0.043258
0.10821,0.16371,0.1491,0.14378,0.21766,0.24699,0.19268,0.13984,0.16129,0.065089,0.15326,0.16926,0.22971,0.16751,0.12298,0.10609,0.067422
0.23951,0.11179,0.044516,0.061576,0.067535,0.097421,0.088293,0.14555,0.25877,0.098267,0.19195,0.19769,0.20596,0.16339,0.12684,0.13941,0.12381
0.22918,0.25351,0.13543,0.13762,0.12042,0.11748,0.098537,0.083333,0.14025,0.064877,0.15824,0.19325,0.20155,0.1405,0.095924,0.10303,0.082637
0.069301,0.058644,0.12309,0.08436,0.11188,0.15301,0.083415,0.069064,0.079944,0.053466,0.14253,0.16837,0.14633,0.11762,0.06149,0.045193,0.049821
0.13495,0.25962,0.25664,0.1641,0.09642,0.10774,0.061951,0.057078,0.1108,0.073542,0.12222,0.16304,0.14246,0.083753,0.059382,0.052087,0.044451
0.093617,0.11179,0.055243,0.092057,0.10212,0.11404,0.082439,0.097032,0.15077,0.062342,0.12222,0.13505,0.14191,0.070938,0.0513,0.042512,0.063246
0.10699,0.10141,0.089568,0.089286,0.084622,0.10544,0.10488,0.09532,0.1662,0.053043,0.13372,0.13416,0.16731,0.13043,0.08714,0.076982,0.064439
0.19696,0.13745,0.066238,0.072968,0.095606,0.14785,0.13659,0.15468,0.20827,0.10545,0.14943,0.18525,0.12921,0.11396,0.12017,0.13328,0.10859
0.077204,0.31277,0.14186,0.068042,0.074451,0.14728,0.067805,0.070776,0.12553,0.18174,0.33257,0.21279,0.16731,0.14188,0.07941,0.07162,0.080847
0.077812,0.35553,0.33843,0.18319,0.068755,0.13639,0.074634,0.049087,0.087658,0.11031,0.31686,0.26921,0.20983,0.13364,0.071328,0.045193,0.065632
0.18967,0.20403,0.22875,0.20597,0.18308,0.14441,0.14488,0.16895,0.15849,0.10841,0.20996,0.21813,0.22639,0.17437,0.11314,0.10379,0.076969
0.17325,0.19304,0.16466,0.13516,0.11595,0.16963,0.13122,0.09532,0.068724,0.054522,0.18008,0.17992,0.10105,0.097941,0.079761,0.065492,0.045048
0.20486,0.17593,0.13167,0.15117,0.080146,0.13009,0.071707,0.059932,0.15358,0.08601,0.21226,0.22612,0.15737,0.14325,0.10717,0.084642,0.064439
0.13678,0.17838,0.17216,0.11607,0.11798,0.16275,0.077073,0.06621,0.077139,0.055368,0.14368,0.16704,0.15185,0.10526,0.050246,0.0383,0.039976
0.13435,0.20953,0.16171,0.1641,0.15541,0.21375,0.1761,0.18607,0.18373,0.029163,0.1249,0.16793,0.19216,0.13272,0.090302,0.065492,0.069809
0.16596,0.27489,0.21883,0.17272,0.079333,0.13123,0.08439,0.078196,0.12903,0.09235,0.20383,0.21413,0.23689,0.14416,0.093113,0.095366,0.072792
0.11185,0.20098,0.12041,0.12069,0.14524,0.13639,0.10488,0.18208,0.18724,0.12426,0.16935,0.21946,0.16952,0.14142,0.11771,0.13405,0.10471
0.15805,0.17227,0.18933,0.17765,0.1131,0.15989,0.11561,0.11872,0.16199,0.073119,0.1613,0.16748,0.16786,0.14828,0.1026,0.091919,0.071897
0.13131,0.20037,0.14374,0.12223,0.131,0.15759,0.11317,0.094178,0.13745,0.072063,0.12337,0.14171,0.13749,0.11899,0.062544,0.091153,0.068616
0.14468,0.24374,0.15688,0.12007,0.1249,0.16676,0.12829,0.1484,0.17602,0.079248,0.15824,0.1817,0.15792,0.12265,0.086086,0.12677,0.093675
0.14894,0.21258,0.15554,0.11946,0.10456,0.11691,0.10195,0.12728,0.16059,0.088546,0.18391,0.17326,0.14578,0.14005,0.089951,0.10111,0.075776
0.078419,0.12034,0.10646,0.13578,0.21766,0.22693,0.089756,0.0879,0.073633,0.029163,0.098851,0.17148,0.1894,0.14416,0.085734,0.061662,0.039678
0.058967,0.062309,0.067578,0.091133,0.19162,0.20229,0.15512,0.13356,0.12132,0.026416,0.083142,0.11995,0.18001,0.14966,0.11701,0.094983,0.063544
0.093009,0.23641,0.20381,0.14501,0.17168,0.19484,0.17415,0.21347,0.2202,0.078191,0.1705,0.24478,0.17449,0.14371,0.11068,0.11796,0.074881
0.13435,0.13073,0.13006,0.11268,0.11758,0.16676,0.13268,0.12728,0.1676,0.035714,0.027586,0.16259,0.16565,0.12082,0.077301,0.07545,0.065036
0.15988,0.13195,0.12684,0.12284,0.11554,0.12722,0.076098,0.090753,0.1101,0.0541,0.11839,0.1466,0.12424,0.09611,0.063598,0.050938,0.054893
0.18784,0.24374,0.13811,0.16626,0.17087,0.22006,0.20537,0.23002,0.25736,0.064243,0.12261,0.18303,0.27167,0.17712,0.11525,0.16086,0.10621
0.13921,0.14722,0.14454,0.20166,0.1428,0.2212,0.19024,0.20377,0.18794,0.094252,0.2295,0.2319,0.27719,0.24256,0.16233,0.1306,0.079356
0.076596,0.19914,0.19576,0.12716,0.09642,0.091117,0.083902,0.079909,0.12763,0.068893,0.15632,0.17281,0.24848,0.11854,0.071328,0.046342,0.047733
0.082067,0.12095,0.11317,0.13824,0.16477,0.14269,0.1322,0.13242,0.1094,0.042899,0.10383,0.15504,0.20265,0.14188,0.07695,0.088472,0.047733
0.15076,0.16799,0.093054,0.13085,0.17372,0.22464,0.18098,0.15982,0.23633,0.059594,0.15517,0.1857,0.24241,0.17712,0.13141,0.14018,0.11516
0.063222,0.10935,0.076964,0.089901,0.09642,0.1106,0.074146,0.10388,0.10168,0.031276,0.080077,0.13772,0.1894,0.1341,0.065706,0.081961,0.053998
0.083891,0.099572,0.047466,0.10991,0.31448,0.28825,0.1839,0.16438,0.14656,0.045858,0.081992,0.1315,0.19768,0.14416,0.11665,0.14516,0.13186
0.11125,0.12279,0.077501,0.14255,0.12042,0.12894,0.10927,0.12671,0.089762,0.054311,0.090805,0.11773,0.12203,0.12128,0.06149,0.07545,0.052208
0.20486,0.12889,0.069992,0.093596,0.17453,0.18854,0.2278,0.21689,0.25806,0.051564,0.098467,0.15682,0.19382,0.14737,0.13036,0.10686,0.12321
0.10456,0.13195,0.064897,0.099446,0.20016,0.17822,0.16098,0.10502,0.1094,0.030008,0.040613,0.071524,0.16786,0.14188,0.10717,0.076216,0.056086
0.071125,0.088577,0.03513,0.11176,0.20423,0.22006,0.089268,0.067922,0.089762,0.040363,0.06092,0.10706,0.1143,0.069108,0.055517,0.077365,0.087411
0.19149,0.16616,0.1373,0.11392,0.10781,0.076218,0.089756,0.062785,0.12903,0.042477,0.063985,0.14038,0.16897,0.11442,0.081167,0.095366,0.077864
0.22249,0.24679,0.10914,0.19304,0.23393,0.349,0.23561,0.22432,0.21459,0.039307,0.078927,0.1506,0.18719,0.22059,0.12579,0.11566,0.084726
0.11368,0.1405,0.036471,0.10314,0.16558,0.19771,0.12146,0.19406,0.13745,0.042899,0.088889,0.12661,0.17283,0.17391,0.14266,0.10954,0.069212
0.096657,0.11607,0.087691,0.081589,0.131,0.15931,0.1122,0.121,0.11431,0.031276,0.072031,0.10395,0.12424,0.069108,0.065004,0.066641,0.040274
0.20061,0.26878,0.11531,0.13331,0.14809,0.16218,0.17512,0.21747,0.24684,0.074598,0.16667,0.17992,0.19879,0.1286,0.12193,0.10456,0.088305
0.16657,0.26573,0.093591,0.10191,0.15704,0.24413,0.26098,0.25856,0.26508,0.059172,0.11073,0.13683,0.20155,0.17803,0.15847,0.18997,0.1065
0.12644,0.12156,0.10164,0.12623,0.11717,0.11805,0.11073,0.1153,0.10028,0.043956,0.068199,0.082186,0.14578,0.10435,0.066058,0.06013,0.042363
0.15258,0.1515,0.12389,0.15517,0.23393,0.2659,0.19951,0.21632,0.21739,0.070161,0.1364,0.18925,0.25014,0.23936,0.1785,0.16009,0.10203
0.054103,0.038485,0.026817,0.034483,0.049227,0.094556,0.20098,0.23858,0.29102,0.046915,0.060536,0.048423,0.083379,0.059039,0.09733,0.10609,0.060561
0.10699,0.12279,0.090373,0.14594,0.22498,0.35702,0.19854,0.18493,0.1662,0.051986,0.087739,0.1355,0.17725,0.21144,0.12122,0.095749,0.062351
0.13617,0.20098,0.0834,0.117,0.15826,0.20172,0.18878,0.21861,0.18163,0.05727,0.090805,0.11373,0.17559,0.16018,0.12122,0.09843,0.066826
0.072948,0.1069,0.039153,0.052956,0.076892,0.12779,0.15171,0.15068,0.15849,0.035926,0.040996,0.061306,0.10491,0.11487,0.11174,0.14592,0.077566
0.33799,0.30544,0.10619,0.085899,0.11554,0.21032,0.23268,0.32648,0.37377,0.072274,0.10613,0.12794,0.16786,0.14416,0.11525,0.11298,0.13067
0.11672,0.12767,0.10566,0.18073,0.22823,0.26304,0.19415,0.16724,0.22651,0.063187,0.10307,0.17326,0.25235,0.30023,0.18728,0.17733,0.098747
0.11185,0.146,0.042907,0.03202,0.096013,0.19771,0.1522,0.12272,0.13675,0.035926,0.078927,0.072857,0.06847,0.14233,0.094167,0.12869,0.069809
0.21155,0.3146,0.075892,0.11792,0.20952,0.30029,0.17171,0.21747,0.2223,0.051352,0.090805,0.13194,0.16786,0.22105,0.1286,0.14209,0.075776
0.078419,0.055589,0.042371,0.096367,0.15541,0.2149,0.13659,0.15639,0.14797,0.023246,0.040613,0.1044,0.16952,0.16339,0.099438,0.081195,0.062053
0.059574,0.08369,0.034057,0.063116,0.083808,0.11633,0.13317,0.12158,0.12272,0.023669,0.054789,0.093736,0.13197,0.13043,0.11595,0.11183,0.055489
0.14225,0.18326,0.069724,0.092672,0.25753,0.23782,0.29317,0.28425,0.25526,0.071851,0.098851,0.15238,0.22087,0.2087,0.17709,0.16584,0.10352
0.15805,0.18571,0.08206,0.096675,0.1664,0.19943,0.2439,0.25285,0.23773,0.064877,0.084291,0.1155,0.18885,0.17254,0.18833,0.18805,0.13365
0.15137,0.17227,0.053634,0.13362,0.23515,0.29226,0.28146,0.34361,0.36536,0.061496,0.089272,0.13239,0.24075,0.18535,0.15355,0.16737,0.10322
0.065653,0.092242,0.030571,0.053879,0.1192,0.14499,0.13902,0.21062,0.16339,0.017963,0.038314,0.058641,0.11044,0.065904,0.058679,0.068173,0.048926
0.1003,0.12889,0.064897,0.073276,0.095199,0.17822,0.11171,0.10959,0.10238,0.034869,0.034483,0.055087,0.10768,0.11991,0.083275,0.0946,0.038186
0.1465,0.24496,0.086082,0.10837,0.1607,0.29398,0.21317,0.18151,0.22651,0.048394,0.081992,0.12128,0.18719,0.23707,0.14301,0.19916,0.10024
0.12888,0.135,0.087155,0.14932,0.21847,0.2659,0.2039,0.19635,0.2244,0.038884,0.094636,0.12661,0.16786,0.15515,0.10857,0.11183,0.070704
0.13921,0.16799,0.10995,0.17241,0.20016,0.20458,0.16878,0.14726,0.23142,0.062764,0.10345,0.14305,0.20431,0.17757,0.12157,0.1486,0.095764
0.17082,0.13928,0.086887,0.12746,0.2144,0.30888,0.18341,0.19178,0.18794,0.075444,0.088123,0.11995,0.15682,0.18124,0.13036,0.18345,0.070406
0.027356,0.074527,0.023331,0.024631,0.052482,0.14785,0.18195,0.18664,0.21318,0.031488,0.041379,0.049311,0.062949,0.11213,0.1149,0.12486,0.088007
0.053495,0.095296,0.031912,0.040948,0.097234,0.18223,0.22976,0.30993,0.28261,0.047971,0.06092,0.060862,0.1016,0.11076,0.12368,0.12945,0.10442
0.066261,0.078803,0.03513,0.033251,0.059805,0.1106,0.1478,0.20548,0.25035,0.056002,0.075479,0.086628,0.07344,0.071396,0.062895,0.10494,0.080847
0.074164,0.057422,0.018235,0.028941,0.050041,0.099713,0.14683,0.23174,0.24264,0.040363,0.048276,0.054642,0.090558,0.079176,0.09487,0.11758,0.082041
0.089362,0.07025,0.037275,0.04064,0.096827,0.2063,0.27902,0.30023,0.28261,0.076923,0.10115,0.10262,0.10436,0.15744,0.13317,0.15243,0.13126
0.1155,0.13745,0.052829,0.064347,0.15745,0.22063,0.23122,0.30708,0.27279,0.0653,0.10268,0.11417,0.12093,0.12723,0.11665,0.14937,0.11307
0.027356,0.057422,0.022794,0.022167,0.10862,0.11461,0.099024,0.23402,0.2777,0.044167,0.035249,0.066637,0.10768,0.093822,0.088194,0.10915,0.067124
0.062614,0.072694,0.031108,0.054187,0.095606,0.15301,0.15902,0.1895,0.26017,0.057692,0.052874,0.074189,0.1143,0.10343,0.11244,0.1283,0.089499
0.11185,0.1631,0.058997,0.067734,0.16802,0.16848,0.18488,0.21119,0.21108,0.069315,0.075479,0.093736,0.13087,0.11945,0.08714,0.11222,0.075776
0.049848,0.063531,0.023062,0.043719,0.08096,0.19312,0.25902,0.33733,0.32328,0.048394,0.073946,0.083518,0.16013,0.13776,0.14828,0.18537,0.13604
0.046809,0.058033,0.030303,0.034791,0.07323,0.14269,0.16927,0.1895,0.19425,0.036137,0.041762,0.060862,0.087797,0.13318,0.10928,0.13443,0.073389
0.13982,0.15761,0.036203,0.029557,0.037022,0.065903,0.096585,0.2089,0.23913,0.074176,0.098467,0.080409,0.061292,0.063616,0.086788,0.077748,0.086516
0.095441,0.12584,0.030571,0.034483,0.045566,0.076791,0.13024,0.20148,0.22931,0.072485,0.076245,0.054642,0.04307,0.057666,0.073436,0.10341,0.082637
0.087538,0.067807,0.037812,0.060653,0.12164,0.18911,0.20293,0.22831,0.31066,0.082206,0.076628,0.076855,0.16068,0.18673,0.11595,0.17388,0.09815
0.09848,0.10812,0.03513,0.051724,0.095199,0.16963,0.17268,0.2129,0.20056,0.02874,0.054789,0.083074,0.093871,0.083295,0.081869,0.12103,0.062351
0.13374,0.095907,0.029499,0.033559,0.074858,0.10029,0.099512,0.19692,0.16199,0.049239,0.069349,0.056864,0.058531,0.081007,0.079761,0.083876,0.063246
0.10942,0.14905,0.032448,0.036946,0.026444,0.033811,0.074634,0.26084,0.33029,0.056636,0.076245,0.055975,0.035892,0.027918,0.049895,0.096132,0.10531
0.12462,0.08369,0.034862,0.046798,0.0655,0.076218,0.21268,0.43721,0.48597,0.077557,0.11686,0.10618,0.099945,0.048513,0.085734,0.11758,0.13067
0.14833,0.21319,0.098954,0.079741,0.11269,0.22063,0.25073,0.34304,0.45021,0.16336,0.14598,0.17503,0.2275,0.17986,0.18974,0.24358,0.16647
0.055319,0.054979,0.022794,0.027094,0.036615,0.083095,0.15268,0.17922,0.2777,0.070161,0.095019,0.11817,0.1143,0.089703,0.10682,0.1509,0.1244
0.10274,0.087966,0.033253,0.050185,0.057364,0.10372,0.12927,0.17922,0.223,0.0653,0.073563,0.076855,0.086692,0.03524,0.07695,0.072003,0.070107
0.10942,0.094685,0.042907,0.037254,0.035801,0.11404,0.15756,0.20947,0.20056,0.031699,0.014176,0.059973,0.07344,0.06865,0.07168,0.09843,0.065334
0.10395,0.078803,0.026281,0.038793,0.066721,0.16562,0.16634,0.2129,0.21669,0.060017,0.045211,0.045313,0.059636,0.091533,0.083978,0.10839,0.056683
0.27234,0.16371,0.023599,0.065579,0.098047,0.16218,0.30439,0.34532,0.30926,0.066145,0.10038,0.064416,0.1386,0.13684,0.18763,0.21141,0.1614
0.11915,0.11423,0.041298,0.038177,0.050041,0.08596,0.13171,0.23174,0.2756,0.052409,0.047126,0.047979,0.03037,0.053089,0.056922,0.10686,0.081742
0.024924,0.031765,0.021185,0.020628,0.027665,0.11805,0.21512,0.39555,0.26438,0.056636,0.061303,0.044869,0.038653,0.084211,0.12298,0.12103,0.086516
0.14043,0.15944,0.042102,0.047106,0.11513,0.251,0.20049,0.496,0.61992,0.37722,0.54061,0.31586,0.27664,0.24943,0.21363,0.27844,0.35173
0.3076,0.2077,0.069187,0.12869,0.2262,0.28023,0.23512,0.23573,0.53436,0.21809,0.31341,0.35495,0.35616,0.2357,0.2298,0.3424,0.26909
0.57812,0.36836,0.17672,0.15271,0.28194,0.44183,0.43463,0.37957,0.63604,0.33453,0.42222,0.4789,0.50359,0.38307,0.35278,0.56913,0.45764
0.37872,0.25168,0.10539,0.16102,0.21481,0.27049,0.30732,0.37957,0.5,0.28677,0.34253,0.28254,0.26946,0.24943,0.28496,0.26005,0.22942
0.58967,0.59743,0.22526,0.16472,0.11961,0.23209,0.28829,0.34132,0.57784,0.30156,0.47088,0.42781,0.44119,0.3524,0.30112,0.35274,0.2849
0.46505,0.36897,0.14159,0.18781,0.32628,0.41662,0.37951,0.43208,0.68373,0.27705,0.44291,0.35984,0.45886,0.50389,0.36964,0.38491,0.40185
0.26565,0.37996,0.090641,0.11207,0.22498,0.36447,0.35366,0.33961,0.49229,0.37194,0.59387,0.48245,0.39481,0.33638,0.25334,0.27614,0.31623
0.45714,0.57483,0.19952,0.22906,0.18348,0.24298,0.34098,0.92066,0.70266,0.22654,0.34904,0.23856,0.19271,0.25355,0.31834,0.39295,0.32816
0.35502,0.5339,0.31456,0.28879,0.33483,0.37708,0.40488,0.39555,0.42216,0.24408,0.36552,0.40826,0.37659,0.39039,0.3208,0.2972,0.25418
0.18541,0.38607,0.2687,0.40086,0.48617,0.56332,0.38293,0.42979,0.48317,0.10566,0.36398,0.40027,0.3429,0.35744,0.22523,0.23248,0.19242
0.19696,0.2694,0.20998,0.26909,0.286,0.33066,0.31122,0.45263,0.58976,0.2109,0.59502,0.44425,0.46328,0.33272,0.25299,0.22022,0.17154
0.39757,0.35125,0.20864,0.2891,0.44223,0.67221,0.49463,0.62614,0.51613,0.11919,0.29272,0.30697,0.43678,0.54188,0.38791,0.30027,0.19988
0.22675,0.22908,0.10003,0.16195,0.25671,0.36619,0.3078,0.31678,0.37307,0.11581,0.23372,0.30475,0.41579,0.42975,0.3598,0.4661,0.29594
0.28693,0.38485,0.14562,0.19058,0.26648,0.41891,0.3561,0.59589,0.38569,0.089603,0.23908,0.19502,0.27664,0.28879,0.24526,0.14937,0.11068
0.3003,0.29505,0.12979,0.22906,0.52563,0.8063,0.65073,0.49486,0.3899,0.11221,0.23563,0.27188,0.48371,0.73318,0.3981,0.40904,0.20615
0.094833,0.10874,0.086082,0.12931,0.34947,0.60344,0.56878,0.60845,0.64025,0.13884,0.21073,0.20302,0.2529,0.41419,0.28531,0.42589,0.29475
0.071125,0.10079,0.072137,0.078818,0.12327,0.29226,0.30049,0.33105,0.41164,0.11221,0.16743,0.15238,0.22916,0.41739,0.2565,0.38759,0.19212
0.19939,0.24679,0.081523,0.10129,0.17046,0.28883,0.27561,0.44863,0.5007,0.10503,0.15211,0.18658,0.18332,0.24348,0.19888,0.23516,0.14439
0.4079,0.4325,0.19844,0.24538,0.34418,0.54384,0.63854,0.87043,0.831,0.29649,0.4,0.31408,0.36499,0.33181,0.34821,0.43164,0.40095
0.22736,0.27428,0.1255,0.19212,0.39015,0.49112,0.29854,0.28653,0.27489,0.068681,0.15057,0.21191,0.3153,0.36979,0.31799,0.36346,0.26999
0.18967,0.18754,0.11022,0.081589,0.10252,0.13352,0.34537,0.42865,0.48527,0.1604,0.21686,0.20924,0.20652,0.22929,0.25404,0.30142,0.2497
0.19514,0.16799,0.10673,0.10191,0.091945,0.26819,0.50634,0.66553,0.71669,0.16399,0.2364,0.1968,0.2159,0.29565,0.27056,0.39717,0.27745
0.15502,0.1967,0.054438,0.094828,0.22295,0.31404,0.33317,0.5879,0.49158,0.12405,0.14138,0.1586,0.24406,0.28513,0.27196,0.3604,0.25119
0.08693,0.098351,0.056315,0.060653,0.12327,0.32722,0.42341,0.55137,0.45302,0.073753,0.11188,0.14438,0.24406,0.25309,0.27547,0.4864,0.26283
0.19149,0.13684,0.0952,0.086823,0.20179,0.35244,0.58049,0.72032,0.63534,0.12933,0.18084,0.16037,0.22474,0.22197,0.2558,0.32631,0.27088
0.25106,0.23335,0.1188,0.12131,0.15989,0.33352,0.37122,0.48858,0.63815,0.21112,0.27203,0.30076,0.28713,0.29611,0.26247,0.48679,0.27416
0.17386,0.15027,0.088764,0.10283,0.15338,0.32951,0.45073,0.55822,0.69074,0.26183,0.28659,0.36695,0.2667,0.30755,0.32396,0.59441,0.35113
0.050456,0.069029,0.04827,0.028325,0.024003,0.026934,0.025854,0.04395,0.057504,0.038462,0.055939,0.05331,0.042518,0.022426,0.010541,0.022214,0.020286
0.044985,0.14905,0.031644,0.023399,0.038649,0.068195,0.054634,0.055365,0.14867,0.0541,0.042912,0.065749,0.053009,0.057666,0.033029,0.042512,0.059666
0.034043,0.081246,0.046393,0.024323,0.019121,0.039542,0.060976,0.12957,0.169,0.034235,0.051724,0.048867,0.043622,0.02151,0.035137,0.049023,0.044153
0.10699,0.15577,0.048538,0.048337,0.054109,0.066476,0.096585,0.18607,0.18022,0.06213,0.069732,0.066637,0.071784,0.054005,0.042516,0.080429,0.064737
0.15258,0.063531,0.017967,0.023091,0.039056,0.083668,0.04878,0.042237,0.1108,0.091293,0.16054,0.1506,0.10823,0.081922,0.036191,0.053236,0.081146
0.089362,0.12706,0.052025,0.026786,0.022376,0.034384,0.060976,0.10959,0.14727,0.06847,0.11801,0.07952,0.057427,0.041648,0.063598,0.059747,0.068019
0.094833,0.07697,0.02923,0.020936,0.021155,0.025788,0.022439,0.038813,0.088359,0.040997,0.056705,0.035096,0.024848,0.0036613,0.020379,0.020299,0.028341
0.09848,0.14417,0.037007,0.024938,0.027665,0.045272,0.031707,0.042237,0.12973,0.066991,0.11877,0.11906,0.1016,0.068192,0.041813,0.06013,0.080251
0.10334,0.086744,0.031912,0.03202,0.040683,0.079083,0.10049,0.11473,0.169,0.063187,0.10268,0.10129,0.1005,0.075057,0.073436,0.080812,0.077566
0.083283,0.097129,0.041298,0.033559,0.056143,0.056734,0.038537,0.073059,0.1662,0.086221,0.096552,0.1084,0.090006,0.058124,0.0513,0.061279,0.068317
0.074772,0.032376,0.014749,0.018473,0.013426,0.0051576,0.0092683,0.03653,0.075035,0.031276,0.032567,0.035096,0.027609,0.009611,0.013352,0.0091919,0.0083532
0.05228,0.06292,0.016626,0.0089286,0.017901,0.018911,0.035122,0.074772,0.14656,0.030854,0.025287,0.022657,0,0.014645,0.021434,0.032938,0.03043
0.093009,0.14294,0.037812,0.048953,0.068348,0.060172,0.060976,0.11587,0.17391,0.085799,0.078161,0.064416,0.050248,0.073227,0.054111,0.07545,0.045644
0.028571,0.021991,0.0058997,0.0070813,0.0093572,0,0.023415,0.038813,0.08345,0.016272,0.013027,0.015104,0.0066262,0.017391,0.01546,0.020682,0.02148
0.052888,0.041539,0.0093859,0.015394,0.034581,0.064756,0.03122,0.032534,0.12062,0.13187,0.15211,0.1084,0.082827,0.061327,0.036543,0.039448,0.072792
0.059574,0.051313,0.043443,0.041256,0.041904,0.074499,0.062439,0.079338,0.10168,0.054945,0.099617,0.087072,0.081723,0.058124,0.048489,0.042895,0.051313
0.13009,0.089798,0.028694,0.037562,0.062246,0.10201,0.050732,0.06621,0.19565,0.12806,0.14828,0.081297,0.090558,0.055835,0.041813,0.039448,0.11337
0.088754,0.045205,0.012604,0.0083128,0.0040683,0.0051576,0.014146,0.026256,0.042777,0.023669,0.029502,0.034651,0.039205,0.021053,0.01792,0.027959,0.031026
0.10334,0.10141,0.025208,0.027709,0.028885,0.038395,0.019024,0.070776,0.15989,0.05727,0.084674,0.067081,0.066814,0.017849,0.027407,0.042895,0.055788
0.093617,0.12951,0.031376,0.018781,0.040277,0.042407,0.045366,0.11358,0.15778,0.061074,0.085441,0.089738,0.051353,0.039817,0.037597,0.063577,0.062351
0.13435,0.10385,0.063556,0.045567,0.060212,0.060745,0.064878,0.091324,0.11641,0.056213,0.078544,0.087517,0.06847,0.067735,0.049895,0.04481,0.068317
0.10334,0.2022,0.19952,0.092365,0.036615,0.051576,0.061463,0.04395,0.059607,0.080938,0.15977,0.12572,0.087797,0.078719,0.045327,0.0383,0.038484
0.03465,0.061698,0.077769,0.076047,0.067128,0.057307,0.035122,0.03653,0.034362,0.03022,0.077395,0.091515,0.07344,0.043936,0.030921,0.023363,0.01432
0.051672,0.10874,0.11773,0.084667,0.074044,0.10831,0.057561,0.065639,0.075035,0.065723,0.17203,0.15193,0.13473,0.11076,0.062544,0.050555,0.029236
0.067477,0.1124,0.095736,0.083128,0.061025,0.048138,0.048293,0.053653,0.068022,0.042688,0.10421,0.10084,0.09884,0.072311,0.044624,0.04098,0.03222
0.030395,0.048259,0.070528,0.065887,0.046379,0.052722,0.044878,0.042808,0.049088,0.031276,0.085824,0.069303,0.075097,0.059497,0.039705,0.017235,0.035501
0.082067,0.14661,0.10539,0.095751,0.074451,0.087679,0.063902,0.061073,0.080645,0.05262,0.11073,0.14438,0.11982,0.056751,0.047435,0.046725,0.03222
0.034043,0.083079,0.065433,0.051724,0.043124,0.052722,0.043415,0.071347,0.10379,0.040786,0.10038,0.10218,0.084484,0.046224,0.045678,0.034087,0.029833
0.046201,0.10385,0.06007,0.055111,0.061839,0.068768,0.071707,0.072489,0.10449,0.038884,0.086973,0.13372,0.10491,0.10343,0.070977,0.067407,0.049224
0.026748,0.034209,0.037812,0.035714,0.026851,0.030372,0.016098,0.01484,0.017532,0.012468,0.016858,0.023101,0.014909,0.022883,0.016163,0.0084259,0.0068616
0.029787,0.051313,0.049879,0.035714,0.019528,0.030372,0.014146,0.020548,0.034362,0.019442,0.065517,0.083518,0.04804,0.023799,0.022839,0.010341,0.011933
0.038906,0.084301,0.092518,0.056958,0.035395,0.022923,0.016585,0.0085616,0.027349,0.012257,0.056322,0.054642,0.061844,0.018307,0.0091356,0.016086,0.0092482
0.026748,0.032987,0.023867,0.012623,0.010171,0.0149,0.010732,0.011986,0.016129,0.014793,0.035249,0.043092,0.032579,0.018764,0.01019,0.010724,0.012828
0.039514,0.08369,0.047198,0.033867,0.036615,0.043553,0.039024,0.045662,0.058906,0.019019,0.042146,0.039982,0.024848,0.023341,0.022488,0.014937,0.014021
0.12705,0.15272,0.14696,0.08436,0.024817,0.040115,0.010244,0.015411,0.077139,0.0541,0.089655,0.054642,0.066814,0.026087,0.022839,0.022597,0.024463
0.079027,0.19609,0.15876,0.06835,0.066721,0.068195,0.057561,0.052511,0.07223,0.071851,0.14291,0.12217,0.099945,0.081007,0.041813,0.035236,0.025358
0.057751,0.089798,0.10861,0.09452,0.058177,0.049857,0.027805,0.023402,0.047686,0.032756,0.11226,0.10706,0.1005,0.061785,0.034083,0.021065,0.025358
0.12705,0.22358,0.15527,0.090825,0.068348,0.075072,0.074146,0.068493,0.093268,0.07798,0.14406,0.077299,0.10712,0.089245,0.045678,0.035236,0.045943
0.0079027,0.03482,0.027621,0.024938,0.015053,0.0040115,0,0.0039954,0,0.0040152,0.021456,0.033763,0.03037,0.0050343,0.0021082,0,0
0.069301,0.12217,0.11317,0.084667,0.078112,0.07851,0.059024,0.058219,0.053296,0.027684,0.085824,0.091515,0.081171,0.042563,0.030921,0.018384,0.011337
0.079027,0.092242,0.1432,0.10591,0.087469,0.079656,0.056585,0.055365,0.068022,0.059806,0.1613,0.1888,0.12314,0.085126,0.047435,0.03064,0.036993
0.036474,0.065974,0.045589,0.030788,0.021969,0.0097421,0.0087805,0.011416,0.043478,0.034235,0.081992,0.094625,0.059636,0.046682,0.024947,0.031789,0.02685
0.079635,0.10568,0.079378,0.067734,0.064687,0.052149,0.054634,0.046233,0.074334,0.042477,0.14559,0.16259,0.11872,0.1016,0.061841,0.032172,0.037888
0.039514,0.031155,0.043175,0.030172,0.020749,0.016046,0.020488,0.024543,0.032959,0.021555,0.024904,0.041315,0.03534,0.020137,0.020028,0.024895,0.011635
0.041337,0.088577,0.1019,0.054803,0.033767,0.032665,0.0092683,0.014269,0.021038,0.024303,0.065134,0.080409,0.052457,0.032494,0.021785,0.003447,0.01074
0.0097264,0.047648,0.13837,0.061576,0.012612,0.038395,0.033659,0.031963,0.024544,0.067413,0.26245,0.23101,0.13915,0.11167,0.043921,0.026044,0.02864
0.12705,0.058033,0.0056315,0.0089286,0.021969,0.02063,0.017561,0.018265,0.0554,0.029374,0.066284,0.075078,0.048592,0.034325,0.027407,0.037917,0.037888
0.10821,0.098351,0.060874,0.03202,0.036615,0.052722,0.047805,0.041667,0.046283,0.023669,0.066284,0.074189,0.072336,0.014188,0.038651,0.044044,0.031026
0.053495,0.084911,0.10459,0.078818,0.064687,0.074499,0.029756,0.074772,0.1129,0.063609,0.11801,0.15549,0.10657,0.064073,0.054814,0.052087,0.037888
0.13435,0.14111,0.099222,0.054495,0.039056,0.073352,0.078049,0.067922,0.098878,0.032756,0.091571,0.10395,0.08614,0.032494,0.044624,0.049023,0.045048
0.10213,0.10018,0.10029,0.066195,0.055736,0.087106,0.061951,0.085616,0.090463,0.038039,0.091954,0.083074,0.080066,0.080549,0.053057,0.040214,0.037589
0.006079,0.017104,0.028158,0.01447,0,0,0.0019512,0.00057078,0,0.0086644,0.028736,0.044869,0.0127,0.0050343,0.006676,0.002681,0.0023866
0.057143,0.044594,0.039421,0.024938,0.032547,0.02063,0.021951,0.027968,0.023142,0.031276,0.041762,0.05331,0.025953,0.01968,0.016163,0.013788,0.018496
0.043161,0.03482,0.048538,0.027709,0.017901,0.010315,0.0097561,0.023402,0.035764,0.024303,0.041762,0.048867,0.03037,0.023799,0.015109,0.017235,0.014618
0.038906,0.031155,0.045589,0.024015,0.015867,0.021203,0.016098,0.017123,0.019635,0.02071,0.052107,0.047534,0.036444,0.020137,0.014406,0.011107,0.013126
0.050456,0.047037,0.049343,0.041256,0.02319,0.016619,0.016585,0.018265,0.020337,0.025359,0.034866,0.034651,0.032027,0.01968,0.021785,0.017618,0.0086516
0.039514,0.032376,0.045857,0.027401,0.01546,0.013181,0.016585,0.014269,0.020337,0.036982,0.072414,0.074633,0.0381,0.016018,0.012649,0.0042129,0.013425
0.028571,0.047648,0.043711,0.022475,0.012612,0.014327,0.016098,0.017694,0.019635,0.016484,0.055556,0.058641,0.049696,0.005492,0.012298,0.0076599,0.0089499
0.048024,0.080635,0.098418,0.059729,0.048007,0.071633,0.042927,0.033105,0.053997,0.026839,0.091188,0.12483,0.10271,0.063616,0.042516,0.02681,0.022375
0.091185,0.12523,0.11022,0.0625,0.024003,0.04298,0.03122,0.055365,0.0554,0.021555,0.068966,0.089738,0.071231,0.037071,0.032326,0.04481,0.031623
0.069909,0.13439,0.10485,0.073892,0.067941,0.097994,0.058049,0.065639,0.087658,0.056213,0.17011,0.13239,0.095527,0.10389,0.060084,0.04864,0.048329
0.03769,0.10385,0.18504,0.15055,0.10049,0.084241,0.061463,0.033676,0.046985,0.048605,0.21264,0.18303,0.17228,0.10252,0.051651,0.041363,0.029833
0.088754,0.15027,0.13623,0.078202,0.026037,0.055587,0.037073,0.034817,0.06662,0.0112,0.047893,0.11062,0.093319,0.050801,0.019677,0.021448,0.019988
0.15684,0.09102,0.11665,0.12623,0.12653,0.13811,0.066829,0.017123,0.077139,0.031699,0.12452,0.13461,0.11375,0.10114,0.03584,0.058981,0.026253
0.065653,0.079414,0.065701,0.048337,0.045566,0.069914,0.055122,0.038242,0.037868,0.017751,0.0659,0.06797,0.056322,0.01968,0.030569,0.031406,0.021778
0.077812,0.146,0.12711,0.069581,0.061025,0.077364,0.058537,0.062215,0.1122,0.071006,0.1295,0.16526,0.1132,0.066362,0.037597,0.053236,0.032816
0.051064,0.023213,0.02789,0.016318,0.011391,0.017192,0.012683,0.01484,0.032959,0.020076,0.051724,0.040426,0.046935,0.020595,0.018271,0.017235,0.020883
0.054103,0.044594,0.049075,0.03633,0.032547,0.034957,0.030244,0.023402,0.040673,0.016272,0.038697,0.048867,0.052457,0.035698,0.017217,0.025661,0.019391
0.034043,0.030544,0.036471,0.036946,0.03214,0.02235,0.023902,0.031393,0.037167,0.015638,0.05249,0.068858,0.057427,0.018764,0.013352,0.0095749,0.018795
0.047416,0.059866,0.017163,0.022167,0.025631,0.03553,0.023415,0.027968,0.039972,0.029797,0.067816,0.065749,0.070127,0.030664,0.021434,0.022597,0.020883
0.062614,0.032376,0.020113,0.032635,0.039463,0.066476,0.08439,0.077626,0.1087,0.062975,0.15287,0.14438,0.15075,0.075973,0.0513,0.052087,0.050716
0.093009,0.059255,0.043711,0.047414,0.03336,0.047564,0.019512,0.045091,0.062412,0.029586,0.062069,0.08263,0.063501,0.060412,0.036894,0.024512,0.042064
0.096049,0.1069,0.10271,0.094828,0.060212,0.10143,0.074146,0.091324,0.12763,0.049028,0.086207,0.092848,0.099393,0.067277,0.055517,0.043278,0.048926
0.058967,0.050703,0.039421,0.025862,0.032547,0.044699,0.024878,0.02911,0.026648,0.016906,0.026054,0.040426,0.029266,0.024256,0.011947,0.017618,0.015215
0.062614,0.058033,0.021185,0.02032,0.0052889,0.012607,0.02439,0.025685,0.050491,0.019653,0.04023,0.043536,0.038653,0.018764,0.02811,0.023363,0.014916
0.19027,0.074527,0.026817,0.035714,0.061839,0.083668,0.073659,0.08847,0.1101,0.043322,0.10996,0.15637,0.11541,0.078261,0.056571,0.065109,0.066527
0.044985,0.073916,0.059802,0.040948,0.013832,0.013181,0.014146,0,0.039271,0.023457,0.043678,0.051088,0.03534,0.018764,0.011244,0.024129,0.0086516
0.088146,0.11484,0.078037,0.053879,0.0476,0.070487,0.069756,0.081621,0.10168,0.023035,0.064751,0.083074,0.11375,0.044851,0.049895,0.048257,0.02864
0.040122,0.035431,0.034326,0.03202,0.018714,0.0063037,0.0097561,0.022831,0.027349,0.012257,0.036015,0.04709,0.043622,0.014645,0.013703,0.0080429,0.012828
0.032827,0.037874,0.006436,0.0080049,0.010578,0.008596,0.016585,0.014269,0.0070126,0.037194,0.088123,0.073301,0.072336,0.02151,0.012649,0.010724,0.019988
0.068085,0.1234,0.070796,0.050493,0.054923,0.061318,0.049268,0.060502,0.073633,0.037194,0.071648,0.090626,0.061844,0.041648,0.033029,0.048257,0.026551
0.083891,0.088577,0.049611,0.069581,0.091131,0.14269,0.09122,0.063927,0.052595,0.0099324,0.032184,0.06175,0.11154,0.085126,0.051651,0.030257,0.026551
0.027356,0.037263,0.031376,0.044335,0.061839,0.067622,0.047317,0.042808,0.018934,0.0048605,0.014176,0.034651,0.062396,0.053089,0.029866,0.021831,0.014916
0.032219,0.049481,0.034862,0.037869,0.034988,0.052149,0.032683,0.023402,0.021739,0.0092984,0.016092,0.026211,0.036996,0.029291,0.015109,0.014171,0.0053699
0.051672,0.043372,0.052561,0.089594,0.093572,0.1192,0.063415,0.050228,0.034362,0.0112,0.024521,0.040426,0.073992,0.058581,0.039705,0.021065,0.017601
0.07234,0.084301,0.080182,0.076047,0.1009,0.13926,0.08439,0.069064,0.065217,0.023035,0.048276,0.075522,0.10271,0.090618,0.045327,0.045959,0.024463
0.040729,0.031765,0.03808,0.054803,0.11473,0.099713,0.069268,0.051941,0.06101,0.0080304,0.034866,0.078187,0.10215,0.068192,0.042867,0.044427,0.026253
0.031611,0.055589,0.035398,0.046798,0.028072,0.049284,0.03122,0.02226,0.048387,0.018597,0.039464,0.064416,0.066814,0.051716,0.022136,0.01915,0.02148
0.027356,0.048259,0.0096541,0.029249,0.057364,0.079083,0.060976,0.091895,0.092567,0.019653,0.02682,0.052865,0.090558,0.056293,0.042164,0.069322,0.03401
0.038298,0.049481,0.036471,0.0508,0.08869,0.12436,0.045854,0.047374,0.056802,0.017117,0.050575,0.082186,0.094423,0.066819,0.040056,0.033704,0.023866
0.069909,0.065974,0.11156,0.1053,0.075671,0.07851,0.038049,0.033676,0.02805,0.022823,0.084674,0.12794,0.12424,0.061785,0.034083,0.031789,0.023568
0.035866,0.020159,0.014213,0.02032,0.052889,0.07106,0.056585,0.041667,0.037868,0.00063398,0.0095785,0.022657,0.032579,0.027002,0.013001,0.023746,0.0041766
0.11125,0.14478,0.15822,0.11884,0.04882,0.055014,0.033659,0.030251,0.088359,0.009721,0.011111,0.15948,0.15682,0.077803,0.037245,0.035619,0.041468
0.046809,0.098962,0.074551,0.073276,0.076078,0.080802,0.055122,0.08105,0.070126,0.035292,0.080077,0.10218,0.10657,0.061327,0.033732,0.037534,0.028341
0.031611,0.040318,0.041566,0.056958,0.094386,0.12149,0.085366,0.10046,0.098177,0.017329,0.04023,0.037317,0.077858,0.061785,0.044273,0.031023,0.035501
0.088146,0.059866,0.025208,0.052648,0.10985,0.10888,0.13122,0.14269,0.13815,0.02874,0.042529,0.086628,0.12645,0.092906,0.078004,0.07545,0.056683
0.088754,0.11729,0.087155,0.08282,0.11839,0.089971,0.07122,0.10731,0.090463,0.053254,0.099617,0.12128,0.11541,0.061785,0.049192,0.039065,0.040871
0.035866,0.067196,0.031912,0.033559,0.067535,0.12034,0.076585,0.093037,0.11501,0.026627,0.037931,0.063972,0.086692,0.059039,0.044273,0.049023,0.034308
0.10821,0.07025,0.076428,0.096983,0.10212,0.094556,0.08878,0.093607,0.10799,0.032544,0.072797,0.1044,0.094423,0.059497,0.049192,0.047108,0.027446
0.025532,0.016494,0.017431,0.048337,0.085028,0.090544,0.023902,0.019406,0.021038,0.0078191,0.01954,0.038649,0.030922,0.027002,0.024596,0.025278,0.020585
0.13009,0.082468,0.029767,0.03202,0.025631,0.038395,0.053659,0.053653,0.11501,0.05262,0.090805,0.11861,0.10712,0.0746,0.058327,0.05247,0.059666
0.11125,0.11729,0.04398,0.042796,0.078926,0.060172,0.076585,0.090753,0.1115,0.04142,0.066284,0.079964,0.083932,0.065904,0.034786,0.058981,0.052208
0.12097,0.052535,0.096809,0.06681,0.057364,0.043553,0.055122,0.042237,0.057504,0.032333,0.04023,0.09729,0.089453,0.056293,0.04111,0.046342,0.031921
0.11976,0.11546,0.11049,0.087131,0.058177,0.07106,0.050732,0.050799,0.049088,0.027261,0.068199,0.081297,0.066262,0.045309,0.02565,0.034853,0.029535
0.071125,0.050703,0.084741,0.031096,0.0093572,0.0091691,0.019512,0.01484,0.027349,0.020499,0.04636,0.066193,0.05577,0.036613,0.017569,0.021831,0.018496
0.023708,0.015883,0.011799,0.013547,0.019121,0.030372,0.021463,0.011416,0.010519,0.0035926,0.0091954,0.019991,0.016013,0.019222,0.019325,0.011873,0.00059666
0.041337,0.04887,0.023867,0.036946,0.058584,0.052149,0.021463,0.042808,0.043478,0.013525,0.0091954,0.033763,0.072888,0.053547,0.019677,0.039065,0.020585
0.1076,0.14905,0.092518,0.076663,0.072417,0.05788,0.034634,0.061644,0.08345,0.035714,0.070498,0.10218,0.083932,0.071854,0.0513,0.059364,0.050418
0.062006,0.058644,0.053366,0.091441,0.10985,0.14842,0.082439,0.10445,0.1122,0.037405,0.081992,0.10973,0.12811,0.12265,0.063598,0.065109,0.039379
0.06079,0.050092,0.018504,0.065579,0.074451,0.14613,0.070244,0.10274,0.13254,0.018174,0.040613,0.080853,0.10547,0.094737,0.068517,0.061279,0.050418
0.061398,0.047037,0.015554,0.041564,0.081367,0.10372,0.091707,0.093037,0.10168,0.014582,0.04023,0.064416,0.1016,0.059954,0.054814,0.050555,0.033711
0.057143,0.061087,0.045589,0.062192,0.10252,0.080802,0.06,0.072489,0.052595,0.020499,0.026437,0.051533,0.057427,0.054462,0.040408,0.037151,0.018198
0.066869,0.067807,0.040493,0.054803,0.098861,0.10659,0.074146,0.091895,0.075035,0.026205,0.037931,0.063972,0.080066,0.048055,0.040056,0.02681,0.023866
0.076596,0.049481,0.010459,0.023091,0.032547,0.022923,0.018049,0.027397,0.017532,0.0021133,0,0.018214,0.019879,0.001373,0.009487,0.010341,0.0032816
0.060182,0.047648,0.025744,0.033559,0.050448,0.037822,0.021951,0.052511,0.049088,0.017329,0.0038314,0.027988,0.029818,0.011899,0.013001,0.026427,0.015513
0.12584,0.07697,0.02494,0.04218,0.07974,0.080802,0.050732,0.089041,0.077139,0.0088757,0.028352,0.054198,0.066262,0.062243,0.039002,0.061662,0.035203
0.051672,0.095296,0.065701,0.051724,0.071603,0.061891,0.086341,0.09532,0.07784,0.03508,0.076628,0.11773,0.077858,0.066819,0.043921,0.061662,0.03222
0.039514,0.061087,0.049343,0.037869,0.04882,0.040115,0.046341,0.037671,0.027349,0.024725,0.037548,0.057752,0.065157,0.031579,0.022136,0.016469,0.01253
0.029787,0.018937,0.014749,0.016626,0.0065094,0.0040115,0.0014634,0.016553,0.016129,0,0.015709,0.031986,0.031474,0.0036613,0,0.0045959,0.00358
0.072948,0.09774,0.045857,0.053879,0.078926,0.084241,0.056098,0.082192,0.068022,0.021133,0.027203,0.049311,0.075097,0.08238,0.03584,0.062428,0.041468
0.066261,0.073916,0.040762,0.019704,0.021969,0.012034,0.0087805,0.017694,0.015428,0.013314,0.018391,0.02932,0.0127,0.015103,0.0077301,0.012256,0.0083532
0.026748,0.053146,0.046125,0.031096,0.013426,0.010315,0.010244,0.010274,0.011921,0.016906,0.02567,0.030209,0.011596,0.011442,0.0063247,0.0084259,0.0032816
0.021277,0.038485,0.022794,0.020628,0.018714,0.012034,0.021951,0.026256,0.026648,0.0042265,0.015709,0.025322,0.011596,0.0086957,0.013001,0.010341,0.0065632
0.045593,0.051924,0.030303,0.077278,0.13751,0.09914,0.041463,0.039384,0.058205,0.019865,0.018008,0.037761,0.050801,0.024714,0.029164,0.049023,0.043556
0.027964,0.06292,0.039957,0.028017,0.029699,0.017192,0.020488,0.016553,0.043478,0.036137,0.045594,0.069303,0.039757,0.034325,0.026001,0.025661,0.014618
0.036474,0.031765,0.020381,0.027709,0.060618,0.091117,0.059512,0.062215,0.070827,0.014582,0.023372,0.048423,0.052457,0.054005,0.042867,0.043278,0.031921
0.03465,0.049481,0.018772,0.021244,0.041497,0.092837,0.11707,0.12671,0.18724,0.032333,0.046743,0.044869,0.037548,0.057208,0.075193,0.055151,0.039081
0.013982,0.022602,0.01019,0.0086207,0.026037,0.02808,0.030244,0.032534,0.024544,0.0088757,0.008046,0.01777,0.014909,0.02151,0.01792,0.011873,0.013425
0.021277,0.021991,0.0077769,0.012931,0.031326,0.051576,0.070244,0.097603,0.070827,0.0040152,0.008046,0.01466,0.020431,0.034325,0.02811,0.017618,0.022076
0.06383,0.094075,0.049879,0.058805,0.082587,0.14155,0.097073,0.094178,0.063815,0.020076,0.027969,0.060418,0.062949,0.053089,0.043219,0.031023,0.0179
0.091185,0.037874,0.022794,0.036638,0.042718,0.1192,0.10341,0.07363,0.089762,0.024725,0.018774,0.042203,0.053009,0.077803,0.052706,0.050555,0.031623
0.059574,0.043983,0.022258,0.039409,0.059398,0.089398,0.071707,0.060502,0.075035,0.01437,0.026437,0.051088,0.083379,0.073684,0.060787,0.054768,0.040871
0.057143,0.14111,0.032985,0.025246,0.021155,0.030946,0.050732,0.070205,0.070827,0.019865,0.029119,0.032874,0.038653,0.034783,0.040759,0.04098,0.025955
0.079635,0.075137,0.016626,0.045567,0.089504,0.13066,0.084878,0.11416,0.098878,0.026205,0.037165,0.051088,0.071784,0.073684,0.065004,0.061662,0.037888
0.062006,0.087355,0.051757,0.054495,0.077299,0.17937,0.16146,0.11872,0.11921,0.039941,0.065134,0.07641,0.087245,0.076888,0.073085,0.086557,0.051014
0.12705,0.10263,0.035666,0.034175,0.052889,0.084241,0.058049,0.057078,0.04418,0.01268,0.0049808,0.022212,0.037548,0.044851,0.036191,0.037151,0.022971
0.029179,0.037874,0.017163,0.047722,0.12612,0.18223,0.10195,0.094749,0.10379,0.017329,0.018391,0.046202,0.076201,0.077346,0.052706,0.050555,0.027148
0.033435,0.080635,0.031644,0.044027,0.11229,0.20745,0.078537,0.078196,0.070827,0.013736,0.034866,0.06175,0.11154,0.15378,0.089599,0.069322,0.044749
0.03465,0.059866,0.017431,0.032635,0.075264,0.10831,0.078049,0.071347,0.046283,0.010566,0.014559,0.023989,0.030922,0.058124,0.040759,0.039065,0.013126
0.14711,0.15394,0.041566,0.037869,0.04882,0.10201,0.082439,0.058219,0.058906,0.016484,0.020307,0.024878,0.03534,0.048055,0.047786,0.042895,0.026551
0.05228,0.10263,0.03218,0.028325,0.029292,0.07106,0.075122,0.034247,0.053997,0.014159,0.010345,0.019547,0.0254,0.057666,0.047084,0.046342,0.019988
0.06079,0.059866,0.019576,0.046182,0.06428,0.12779,0.084878,0.094178,0.084853,0.011412,0.041379,0.047534,0.072888,0.066819,0.059733,0.043278,0.032816
0.029179,0.037263,0.0091177,0.022475,0.052075,0.074499,0.089756,0.12728,0.12062,0.030431,0.018008,0.026211,0.047488,0.03341,0.037597,0.037151,0.027446
0.012158,0.020159,0.0056315,0.0086207,0.016273,0.034384,0.046829,0.074201,0.04979,0.0031699,0.0061303,0.007108,0.022087,0,0.013703,0.012256,0.011933
0.048632,0.023213,0.042102,0.078202,0.10862,0.11232,0.10195,0.090753,0.1087,0.024725,0.037165,0.050644,0.081171,0.073227,0.066409,0.053236,0.035501
0.03465,0.023213,0.014213,0.024938,0.029292,0.039542,0.02,0.030251,0.025947,0.0063398,0.0068966,0.021768,0.0254,0.030206,0.027056,0.035619,0.016706
0.020061,0.021991,0.010995,0.0095443,0.011798,0.027507,0.07122,0.12215,0.11501,0.016695,0.018391,0.016881,0.0127,0.016018,0.032677,0.04098,0.039081
0.010334,0.00061087,0.0018772,0.0070813,0.0065094,0.030372,0.037073,0.050799,0.039972,0.0044379,0.0049808,0.0026655,0.016013,0.017391,0.019677,0.015703,0.0179
0.064438,0.073305,0.014213,0.028325,0.030919,0.073352,0.097561,0.10959,0.12272,0.019442,0.022989,0.015549,0.041966,0.038444,0.044624,0.048257,0.045346
0.017629,0.016494,0.010727,0.010468,0.019935,0.072779,0.083902,0.09532,0.17812,0.019865,0.027586,0.022212,0.051905,0.056751,0.04884,0.055917,0.044749
0.089362,0.045205,0.012604,0.020628,0.03336,0.049284,0.058537,0.094178,0.10799,0.02071,0.036782,0.036428,0.033683,0.026545,0.029164,0.039065,0.032816
0.16596,0.050092,0.024135,0.041564,0.087469,0.11289,0.1078,0.15126,0.14586,0.024937,0.036015,0.049311,0.042518,0.023341,0.045678,0.077365,0.074284
0.042553,0.037874,0.0075087,0.0117,0.0093572,0.025215,0.06878,0.097032,0.13815,0.020287,0.027969,0.026655,0.010491,0.017849,0.040056,0.060513,0.045346
0.077204,0.042761,0.0099222,0.0067734,0.007323,0.019484,0.02878,0.05137,0.075736,0.019019,0.024904,0.031542,0.024848,0.028375,0.034083,0.031789,0.033115
0.042553,0.078803,0.023867,0.01601,0.013426,0.027507,0.057073,0.090753,0.099579,0.032122,0.038697,0.04398,0.016013,0.030664,0.030218,0.040597,0.034308
0.08693,0.10079,0.026012,0.021244,0.045972,0.07106,0.080976,0.121,0.16129,0.03508,0.049042,0.063083,0.069023,0.064073,0.05376,0.081961,0.053998
0.15076,0.074527,0.017163,0.011084,0.016273,0.025788,0.030732,0.049087,0.031557,0.0029586,0.002682,0.013327,0.0022087,0.006865,0.013001,0.042512,0.023568
0.02614,0.031155,0.0045589,0.020012,0.036208,0.070487,0.084878,0.14269,0.1101,0.017117,0.017241,0.030653,0.051905,0.052632,0.045678,0.054002,0.035203
0.058359,0.010385,0.01019,0.014163,0.01668,0.027507,0.052683,0.07363,0.042076,0.009721,0.0072797,0,0,0.012815,0.029866,0.035236,0.024463
0,0,0,0,0.0028478,0.038395,0.083902,0.12957,0.07223,0.00021133,0.0011494,0.0031097,0.0055218,0.014645,0.029515,0.050938,0.048628
0.021884,0.027489,0.0099222,0.01447,0.011391,0.018911,0.042927,0.070205,0.081346,0.015638,0.024521,0.022212,0.012148,0.012357,0.029515,0.023363,0.018496
0.21155,0.17899,0.094395,0.091133,0.13873,0.18682,0.13463,0.11473,0.36606,0.26986,0.30153,0.25811,0.25179,0.17071,0.13598,0.14439,0.20197
0.22857,0.15516,0.053097,0.075123,0.12205,0.1702,0.11073,0.20263,0.54418,0.39159,0.44215,0.2781,0.28161,0.16613,0.11033,0.19341,0.28162
0.40912,0.11973,0.046661,0.070505,0.13548,0.12894,0.14,0.20491,0.38359,0.17561,0.2728,0.25455,0.2794,0.20961,0.1655,0.17848,0.17064
0.4,0.19731,0.053366,0.093288,0.14402,0.2235,0.13317,0.2089,0.40673,0.20097,0.28352,0.31897,0.32413,0.26728,0.22699,0.39946,0.23598
0.49179,0.18326,0.04398,0.06681,0.11269,0.10201,0.080976,0.15525,0.23212,0.13736,0.30536,0.29676,0.24627,0.23524,0.17533,0.18077,0.2503
1,0.97618,0.31295,0.25277,0.21155,0.21433,0.17805,0.28653,0.38149,0.12405,0.16092,0.14971,0.14191,0.1167,0.13036,0.16507,0.23568
0.38176,0.5223,0.36417,0.36669,0.36208,0.2533,0.14195,0.129,0.17532,0.11834,0.18391,0.15549,0.1651,0.1286,0.15812,0.16584,0.18228
0.45836,0.32498,0.087691,0.040025,0.030106,0.016619,0.07561,0.31393,0.48317,0.23943,0.27931,0.20258,0.16068,0.071854,0.088897,0.14937,0.18944
0.28936,0.20709,0.089836,0.12685,0.16273,0.26991,0.18537,0.19235,0.37728,0.33178,0.4613,0.43314,0.32965,0.254,0.16831,0.23784,0.24045
0.48754,0.23458,0.066774,0.079126,0.11717,0.12894,0.12488,0.20662,0.31417,0.18259,0.24598,0.28876,0.28382,0.21693,0.18939,0.18154,0.27536
0.65106,0.37508,0.10217,0.1407,0.098047,0.15759,0.16634,0.20434,0.30575,0.19231,0.34981,0.30786,0.37935,0.30618,0.22558,0.23669,0.23866
0.33921,0.47831,0.4701,0.28849,0.25997,0.33352,0.21902,0.31507,0.30575,0.25317,0.4977,0.27943,0.33849,0.28924,0.17428,0.17311,0.14708
0.1234,0.45388,0.46232,0.34606,0.2498,0.25788,0.1722,0.1621,0.14727,0.21048,0.57701,0.54243,0.40254,0.28924,0.17393,0.12945,0.12411
0.17386,0.33293,0.40359,0.371,0.32791,0.34556,0.22634,0.20605,0.169,0.21154,0.43372,0.46646,0.31861,0.28055,0.17744,0.14324,0.09815
0.17568,0.31521,0.32207,0.26324,0.33564,0.38281,0.19854,0.20947,0.28962,0.16441,0.47165,0.51266,0.35947,0.33501,0.18131,0.14822,0.17393
0.33313,0.65852,0.11907,0.075739,0.10862,0.24986,0.20341,0.16438,0.13885,0.24345,0.69502,0.51844,0.43954,0.43661,0.28637,0.18958,0.1605
0.34043,0.45205,0.41807,0.37254,0.34052,0.3255,0.19854,0.19007,0.29313,0.18914,0.44636,0.56553,0.44395,0.31167,0.1915,0.19111,0.13335
0.17568,0.28894,0.29123,0.22198,0.14646,0.25444,0.18,0.16553,0.23703,0.083474,0.16935,0.26033,0.26891,0.26087,0.12474,0.13711,0.10263
0.37751,0.35003,0.30142,0.2072,0.19894,0.22579,0.19024,0.26084,0.23913,0.15955,0.35326,0.28121,0.21756,0.23844,0.15249,0.12141,0.10054
0.44195,0.46915,0.3682,0.31435,0.30065,0.40917,0.27659,0.32534,0.2777,0.138,0.36513,0.32119,0.34014,0.39497,0.2312,0.14592,0.10889
0.15866,0.33781,0.30652,0.14994,0.063466,0.2298,0.16585,0.1347,0.1655,0.16188,0.48812,0.29898,0.21259,0.21007,0.11771,0.085025,0.084427
0.085714,0.5339,0.38321,0.1955,0.15867,0.28481,0.16,0.129,0.1094,0.17519,0.4728,0.32741,0.26229,0.25034,0.13493,0.0946,0.068019
0.11793,0.15883,0.28131,0.32482,0.43328,0.50946,0.25756,0.23516,0.17812,0.088546,0.24636,0.4327,0.41193,0.39085,0.24209,0.2815,0.11217
0.08693,0.33109,0.11022,0.069273,0.043531,0.10774,0.051707,0.081621,0.21248,0.18407,0.35632,0.37939,0.29818,0.29062,0.26318,0.31789,0.33711
0.27903,0.28222,0.21748,0.18534,0.11147,0.149,0.10634,0.1347,0.23282,0.11496,0.25939,0.22035,0.25732,0.21053,0.16268,0.19533,0.15662
0.12219,0.19304,0.27112,0.27925,0.32791,0.32378,0.25171,0.17808,0.23422,0.14772,0.40383,0.54243,0.53451,0.29703,0.21574,0.17196,0.14558
0.21337,0.25351,0.1719,0.15117,0.19691,0.22178,0.15659,0.18037,0.24474,0.12067,0.20038,0.25944,0.27223,0.23844,0.16093,0.20912,0.13216
0.37751,0.6964,0.43121,0.1955,0.28356,0.32378,0.20927,0.16381,0.32468,0.35566,0.60843,0.47179,0.36444,0.29565,0.1915,0.21026,0.23389
0.23647,0.16188,0.21936,0.20413,0.21115,0.18281,0.15122,0.16838,0.23633,0.11919,0.24291,0.30253,0.30756,0.17712,0.12157,0.11413,0.10143
0.18541,0.47526,0.38616,0.35314,0.22457,0.22006,0.13317,0.10274,0.1108,0.088969,0.33448,0.37805,0.33683,0.18993,0.089248,0.086557,0.060859
0.14407,0.24863,0.25798,0.21398,0.18348,0.14957,0.11659,0.1153,0.12973,0.14708,0.31801,0.36295,0.31309,0.16201,0.11982,0.067024,0.079356
0.2079,0.69029,0.17297,0.1524,0.18226,0.30659,0.20341,0.22432,0.34362,0.18047,0.52222,0.43359,0.3037,0.36064,0.19501,0.22635,0.18944
0.62006,0.46182,0.1019,0.10006,0.17697,0.19026,0.14,0.21461,0.26648,0.11243,0.20268,0.2199,0.23192,0.15332,0.11665,0.18422,0.16677
0.2152,0.11118,0.058729,0.10252,0.12815,0.20229,0.22439,0.254,0.34712,0.15089,0.30077,0.27143,0.34235,0.19725,0.16866,0.17043,0.17273
0.48875,0.40012,0.097613,0.092672,0.14361,0.23037,0.18537,0.26941,0.35273,0.11961,0.27778,0.27232,0.21866,0.27963,0.17569,0.22673,0.27715
0.14772,0.2413,0.47627,0.44704,0.33645,0.35645,0.19561,0.13071,0.10238,0.085587,0.3272,0.1777,0.35505,0.26682,0.13633,0.074301,0.072792
0.4614,0.40134,0.2789,0.22506,0.18959,0.26132,0.2039,0.23402,0.35414,0.12849,0.28544,0.34251,0.29431,0.21373,0.13493,0.22635,0.14916
0.37812,0.32071,0.20676,0.3048,0.34418,0.22693,0.16098,0.13699,0.38008,0.20203,0.30651,0.56197,0.5196,0.32632,0.24209,0.32823,0.27118
0.16109,0.39279,0.26254,0.2734,0.3751,0.33811,0.24976,0.21918,0.18093,0.063609,0.2295,0.34296,0.42628,0.34371,0.19642,0.19877,0.12142
0.3696,0.30544,0.20193,0.25185,0.28194,0.29398,0.25366,0.26712,0.33941,0.14582,0.29464,0.36695,0.36389,0.25995,0.21715,0.20337,0.12918
0.16413,0.19792,0.1542,0.20751,0.24614,0.3043,0.20683,0.19406,0.29874,0.16019,0.28199,0.37717,0.35395,0.23158,0.14898,0.20452,0.15931
0.39514,0.26145,0.17431,0.30603,0.3808,0.32665,0.25902,0.17922,0.32118,0.30833,0.31379,0.4749,0.254,0.32998,0.12333,0.3581,0.26551
0.17872,0.35308,0.19764,0.15271,0.1729,0.24642,0.31463,0.34532,0.34642,0.093618,0.18314,0.22834,0.31585,0.27689,0.27161,0.2861,0.17422
0.054103,0.12767,0.11102,0.19889,0.37063,0.5192,0.32634,0.2637,0.25245,0.06847,0.18161,0.33452,0.43567,0.40778,0.21117,0.27729,0.12261
0.11185,0.13256,0.075892,0.14778,0.30065,0.32607,0.2922,0.28653,0.30435,0.1063,0.18391,0.27366,0.29983,0.34554,0.27372,0.30448,0.12739
0.13617,0.37447,0.1196,0.10068,0.1249,0.31805,0.3122,0.27797,0.36185,0.086644,0.13257,0.15415,0.1905,0.22975,0.1669,0.21333,0.15543
0.26018,0.3482,0.12631,0.18781,0.29414,0.35358,0.25024,0.31621,0.2777,0.076712,0.11609,0.17681,0.24406,0.27323,0.19431,0.17005,0.091587
0.34286,0.34148,0.085814,0.076663,0.13954,0.19427,0.21073,0.32705,0.41445,0.11771,0.16437,0.12972,0.15737,0.18856,0.15531,0.22827,0.14767
0.65046,0.92547,0.52373,0.49477,0.76566,0.67163,0.56244,0.57078,0.64025,0.3582,0.55096,0.56553,0.51242,0.50984,0.36297,0.46955,0.34338
0.75562,0.58216,0.25717,0.27217,0.38771,0.57593,1,1,1,0.90004,1,0.89605,0.67808,1,1,1,1
0.70152,0.64814,0.33521,0.31158,0.3336,0.46132,0.3361,0.48801,0.46564,0.33326,0.6069,0.60329,0.58586,0.58307,0.43324,0.35925,0.24761
0.26809,0.98839,0.66559,0.39748,0.36452,0.44585,0.35122,0.35674,0.19916,0.16526,0.48352,0.71524,0.55273,0.37254,0.23682,0.32784,0.1247
0.088146,0.63714,0.35961,0.39809,0.39788,0.56332,0.34098,0.31963,0.21318,0.24155,0.70651,0.6104,0.52733,0.48009,0.26564,0.23056,0.17482
0.37568,0.57728,0.52588,0.44335,0.43084,0.35244,0.25951,0.24829,0.28541,0.32904,0.6636,0.71168,0.57869,0.37391,0.27583,0.19265,0.196
0.40243,0.47159,0.41459,0.50216,0.59479,0.56791,0.36829,0.36301,0.52244,0.30558,0.47586,0.64904,0.52126,0.54462,0.33169,0.33704,0.24344
0.88875,1,0.54599,0.33713,0.21033,0.37593,0.23171,0.52854,0.96424,1,0.92414,0.6526,0.71342,0.64943,0.47119,0.74071,0.68317
0.57508,0.55651,0.31188,0.23584,0.2262,0.22235,0.21317,0.34532,0.66269,0.34425,0.42337,0.56153,0.58034,0.43066,0.33521,0.40214,0.39708
0.51915,0.59438,0.49075,0.35006,0.59927,0.45158,0.45756,0.42466,0.49158,0.26522,0.54866,0.64327,0.5185,0.38673,0.27829,0.27001,0.21778
0.6766,0.88027,1,1,0.57282,0.64241,0.3322,0.38128,0.25947,0.26458,0.8728,0.75433,0.7079,0.71716,0.38616,0.27997,0.18825
0.43708,0.33659,0.42746,0.53602,1,0.49112,0.65561,0.59475,0.50912,0.25275,0.59119,0.84496,0.76256,0.77574,0.80358,0.60015,0.34039
0.16657,0.28589,0.38643,0.60591,0.96176,0.48023,0.46049,0.49429,0.40323,0.17773,0.58889,1,1,0.89565,0.58468,0.60628,0.28431
0.63465,0.59805,0.49209,0.40148,0.46379,0.52034,0.42683,0.39897,0.47826,0.30135,0.43755,0.49489,0.60685,0.37895,0.20801,0.33359,0.31772
0.29362,0.27245,0.15447,0.42703,0.70667,1,0.62634,0.47203,0.38429,0.076078,0.18429,0.33763,0.53341,0.73913,0.43851,0.33895,0.19391
0.65714,0.61759,0.20086,0.22722,0.51017,0.38797,0.66244,0.73231,0.78612,0.58981,0.50805,0.48378,0.44727,0.48604,0.43851,0.47032,0.30609
0.69058,0.39585,0.19603,0.25862,0.37551,0.4533,0.64683,0.9766,0.98668,0.3601,0.47663,0.42559,0.42297,0.41602,0.51792,0.64764,0.53431
