0.52845,0.77752,0.55593,0.54809,0.5493,0.21347,0.35051,0.5055,0.37022,0.16298,0.072199,0.045548,0.61164
0.44651,0.78959,0.7935,0.54654,0.50894,0.37171,0.16724,0.41577,0.24044,0,0.3378,0.18138,0.53417
0.38969,0.85121,0.7623,0.49918,0.59554,0.51671,0.2903,0.34537,0.34699,0.15807,0.21506,0.079906,0.25614
0.48341,0.7382,0.62925,0.50627,0.67736,0.35359,0.49969,0.62589,0.25795,0.093345,0.074976,0.10988,0.24248
0.401,0.76547,0.71582,0.51822,0.54063,0.37925,0.58797,0.55553,0.22004,0.061288,0.11031,0.1265,0.30646
0.48526,0.60735,0.85432,0.66953,0.45914,0.40125,0.34923,0.38181,0.30598,0.11334,0.063174,0.18229,0.38153
0.57907,0.55401,0.66549,0.5951,0.54887,0.45034,0.38227,0.26495,0.046002,0.14619,0.12717,0.26808,0.59916
0.5732,0.80645,0.56957,0.59733,0.592,0.48302,0.3698,0.37949,0.17548,0.027854,0.088265,0.19534,0.40814
0.50957,0.84727,0.74899,0.4903,0.4896,0.461,0.43565,0.41259,0.12501,0.08643,0.15037,0.224,0.32013
0.70226,0.31936,0.50894,0.67406,0.6757,0.5045,0.4534,0.12957,0.27995,0.3275,0.10726,0.25641,0.2652
0.65937,0.54431,0.65752,0.69263,0.48345,0.49697,0.3815,0.21334,0.34239,0.27863,0,0.23273,0.25419
0.60783,0.50073,0.90194,0.51345,0.65082,0.34675,0.32188,0.27054,0.27102,0.25069,0.22753,0.26621,0.15882
0.70169,0.67808,0.60809,0.6514,0.5041,0.49733,0.37389,0.25542,0.33263,0.14078,0.2052,0.21382,0.12784
0.54105,0.6089,0.82677,0.60263,0.41644,0.44633,0.34544,0.46413,0.2395,0.28818,0.29846,0.18138,0.069572
0.58163,0.64664,0.78871,0.46437,0.68419,0.44755,0.39044,0.42216,0.25974,0.1125,0.1235,0.20877,0.15055
0.531,0.64907,0.56113,0.70932,0.73277,0.51076,0.31917,0.18951,0.21825,0.091388,0.22761,0.30855,0.20409
0.56029,0.69034,0.64394,0.62817,0.72773,0.47134,0.33571,0.25483,0.24223,0.022528,0.17646,0.29339,0.21271
0.53853,0.62863,0.7846,0.65359,0.5402,0.50779,0.35958,0.28055,0.24083,0.048076,0.22165,0.20574,0.25644
0.39675,0.70101,0.71757,0.69675,0.73825,0.39693,0.30658,0.29635,0.27894,0.14548,0.15665,0.26526,0.1765
0.45205,0.61975,0.81665,0.7582,0.59897,0.24431,0.17748,0.23863,0.32573,0.21192,0.23268,0.32016,0.29214
0.50306,0.39002,0.93709,0.67659,0.50318,0.37131,0.21298,0.29688,0.23299,0.23463,0.35079,0.37521,0.19206
0.54047,0.62769,0.44411,0.63911,0.67604,0.63422,0.29514,0.28929,0.35836,0.028338,0.28316,0.40827,0.023727
0.45623,0.6557,0.93871,0.59349,0.4441,0.36793,0.25487,0.295,0.22598,0.1636,0.21563,0.24145,0.43155
0.33418,0.49655,1,0.53445,0.30122,0.28436,0.30705,0.11587,0.39368,0.38128,0.40265,0.48249,0.26
0.028646,0.65118,0.88271,0.50395,0.55184,0.48962,0.48194,0.44689,0.47502,0.092801,0.17887,0.21962,0.23954
0.031203,0.47732,0.95748,0.60797,0.5734,0.4582,0.38871,0.4316,0.30061,0.17842,0.23936,0.24705,0.33866
0.33078,0.11486,0.60195,0.87069,0.56572,0.48812,0.33619,0.36043,0.15614,0.37932,0.3627,0.465,0.1734
0.42304,0.42277,0.90456,0.72193,0.39374,0.37311,0.49736,0.33296,0.22928,0.19573,0.26456,0.31703,0.18855
0.41057,0.44591,0.8796,0.65745,0.38594,0.5588,0.36262,0.1739,0.22679,0.22647,0.43183,0.35653,0.16563
0.45102,0.45044,0.68946,0.82016,0.40729,0.59516,0.37893,0.2032,0.25624,0.14372,0.31253,0.34074,0.18572
0.68199,0.54583,0.72325,0.63606,0.46762,0.45249,0.50476,0.2908,0.22059,0.16267,0.18729,0.22433,0.1775
0.45312,0.29444,0.81176,0.83561,0.41749,0.46298,0.31464,0.30489,0.22361,0.20387,0.33206,0.35925,0.22433
0.48008,0.56688,0.82696,0.58819,0.5761,0.46819,0.42798,0.47883,0.33328,0.072287,0.10428,0.1662,0.16981
0.36366,0.64496,0.85437,0.54141,0.53425,0.41891,0.45532,0.53635,0.43434,0.054186,0.12793,0.15747,0.15272
0.42889,0.56913,0.95788,0.52605,0.52464,0.36884,0.36041,0.47955,0.42323,0.10914,0.15243,0.1586,0.21987
0.41441,0.62611,0.86511,0.6145,0.42492,0.44108,0.50485,0.43789,0.2974,0.11529,0.10989,0.17403,0.24291
0.35334,0.47888,0.96911,0.62756,0.51989,0.43682,0.37271,0.36209,0.32185,0.09956,0.15635,0.21241,0.32627
0.26044,0.65692,0.83273,0.55116,0.51611,0.40158,0.49015,0.555,0.26921,0.35878,0.050852,0.13176,0.21091
0.32403,0.58845,0.77713,0.52352,0.50304,0.47761,0.54183,0.69428,0.33363,0.050243,0.12476,0.17165,0.15357
0.5197,0.62103,0.89873,0.48844,0.52874,0.37116,0.28049,0.46538,0.50886,0.016118,0.24427,0.21457,0.14026
0.44088,0.67804,0.88781,0.48475,0.60032,0.40333,0.46431,0.33587,0.37885,0.061472,0.18442,0.20035,0.16291
0.60657,0.66501,0.54719,0.64339,0.75523,0.49514,0.32421,0.29313,0.2247,0.086214,0.18892,0.26083,0.17471
0.5074,0.54423,0.67654,0.67413,0.61594,0.59166,0.40751,0.30721,0.19742,0.21001,0.17437,0.18807,0.15645
0.57743,0.79287,0.73845,0.58718,0.58193,0.41524,0.32896,0.33973,0.20901,0.056515,0.15201,0.26804,0.24713
0.57692,0.68433,0.75529,0.57988,0.53853,0.46941,0.45046,0.36932,0.2517,0.060412,0.1025,0.1787,0.25275
0.56003,0.70894,0.62903,0.5468,0.70761,0.53493,0.3961,0.36713,0.26251,0.057253,0.102,0.20649,0.18175
0.44997,0.81809,0.55784,0.63563,0.73526,0.37482,0.43615,0.41946,0.25791,0.03461,0.16242,0.28035,0.12955
0.31202,0.70778,0.69243,0.76647,0.7032,0.40514,0.30465,0.3107,0.27675,0.10809,0.16339,0.22784,0.2822
0.42022,0.53952,0.60105,0.65181,0.78786,0.58074,0.38329,0.28437,0.24065,0.098354,0.18026,0.25774,0.19596
0.42055,0.49049,0.50614,0.6853,0.87778,0.55998,0.35937,0.28638,0.19309,0.087373,0.18179,0.29201,0.26335
0.37315,0.4294,0.44956,0.61374,1,0.53619,0.34121,0.34407,0.26707,0.12856,0.20594,0.26695,0.2432
0.35041,0.41787,0.85268,0.83818,0.45959,0.40537,0.33243,0.3437,0.35654,0.11013,0.20727,0.27036,0.28783
0.23875,0.40012,0.76739,0.87534,0.49362,0.42418,0.41106,0.47125,0.26311,0.12527,0.1915,0.2443,0.31577
0.35058,0.57347,0.99277,0.58032,0.50998,0.26179,0.2894,0.53954,0.3107,0.15191,0.22602,0.22663,0.2851
0.42181,0.59322,0.87205,0.61357,0.56337,0.46705,0.3926,0.43585,0.29309,0.072633,0.14063,0.20486,0.19133
0.30629,0.55959,0.51953,0.61916,0.68978,0.51515,0.5127,0.72066,0.3331,0.077821,0.095059,0.13489,0.15613
0.2357,0.34095,0.72179,0.6627,0.94224,0.39685,0.25296,0.28111,0.27928,0.19047,0.30496,0.32748,0.27594
0.16736,0.60294,0.64769,0.72602,0.82309,0.48426,0.25435,0.26263,0.21703,0.11275,0.24845,0.29849,0.37694
0.25834,0.55951,0.83671,0.86576,0.41225,0.27848,0.24404,0.314,0.30384,0.21076,0.29549,0.35791,0.33779
0.25424,0.26501,0.834,0.89102,0.41188,0.36639,0.34846,0.36209,0.40674,0.17024,0.30591,0.31722,0.28791
0.22604,0.42832,0.73994,0.96106,0.4107,0.31832,0.32071,0.36121,0.32821,0.21196,0.29377,0.33517,0.31174
0.22619,0.39124,0.77233,0.90438,0.38181,0.49306,0.28422,0.29609,0.33753,0.13852,0.31496,0.3636,0.31422
0.21181,0.29456,0.58527,1,0.52047,0.46019,0.31214,0.33761,0.31794,0.24506,0.32708,0.31402,0.284
0.27775,0.24008,0.34931,0.6304,0.60807,0.87969,0.49245,0.33736,0.24644,0.22707,0.25094,0.3207,0.27967
0.17107,0.22528,0.27246,0.72146,0.98963,0.24513,0.35737,0.54766,0.43583,0.23378,0.2975,0.33926,0.35478
0.26302,0.36678,0.74983,0.50776,0.45035,0.33052,0.32129,0.83563,0.72886,0.069658,0.20884,0.20758,0.20925
0.14902,0.36249,0.55101,0.80452,0.83257,0.29347,0.50123,0.47241,0.44455,0.13016,0.20811,0.28207,0.17948
0.52067,0.2829,0.62146,0.698,0.50467,0.66297,0.43051,0.40173,0.23784,0.10844,0.21449,0.45239,0.061226
0.23698,0.27129,0.39053,0.94537,0.41627,0.38816,0.60503,0.58518,0.27716,0.15458,0.26705,0.23899,0.42316
0.20453,0.27608,0.28162,0.79896,0.82863,0.66321,0.36502,0.37469,0.33752,0.17156,0.25152,0.30547,0.29227
0.27359,0.27217,0.24126,0.97272,0.65369,0.45716,0.47408,0.47933,0.33484,0.13692,0.25807,0.32199,0.30333
0.17282,0.22037,0.26381,0.67247,0.9294,0.63385,0.43592,0.46962,0.29554,0.16485,0.26272,0.30929,0.31378
0.17685,0.40049,0.41287,0.73757,0.99357,0.44959,0.31658,0.38464,0.31174,0.16365,0.23879,0.286,0.31832
0.12648,0.25387,0.59238,0.70478,0.78719,0.42178,0.57837,0.62274,0.30894,0.080864,0.16322,0.22821,0.30702
0.11945,0.21836,0.57135,0.6771,0.61621,0.70271,0.61941,0.47279,0.30453,0.10693,0.1769,0.27629,0.27772
0.13047,0.419,0.44297,0.80988,0.79026,0.26201,0.45717,0.6419,0.49641,0.15248,0.18323,0.23665,0.20424
0.055718,0.25722,0.80686,0.82787,0.51569,0.44355,0.42451,0.37057,0.33636,0.091309,0.25162,0.3495,0.3641
0.062703,0.2691,0.51253,0.85078,0.71707,0.39171,0.47656,0.60573,0.36964,0.18475,0.26525,0.31233,0.18279
0.59553,0.68154,0.65553,0.44616,0.54599,0.32028,0.24945,0.33903,0.10794,0.1117,0.17076,0.30321,0.73161
0.57619,0.661,0.79597,0.65649,0.52751,0.29875,0.22769,0.30094,0.14143,0.21704,0.216,0.23933,0.43953
0.80776,0.61399,0.69536,0.53182,0.51603,0.36384,0.25681,0.27858,0.26803,0.24852,0.15746,0.14897,0.40622
0.67402,0.81992,0.53959,0.47064,0.44825,0.56943,0.17329,0.02872,0.2849,0.35056,0.32885,0.30493,0.31673
0.48026,0.68579,0.71644,0.5325,0.65069,0.5466,0.29078,0.019214,0.22951,0.18486,0.43419,0.26074,0.25528
0.79927,0.71746,0.31384,0.54683,0.72445,0.40361,0.25481,0.21406,0.15885,0.18812,0.31402,0.40549,0.25662
0.79263,0.73978,0.5078,0.46926,0.5793,0.48072,0.31274,0.2169,0.14914,0.36579,0.16381,0.23495,0.29081
0.58517,0.63967,0.68375,0.57274,0.70878,0.31807,0.31208,0.20449,0.20351,0.26768,0.19649,0.29753,0.29485
0.61589,0.74359,0.36996,0.57319,0.68099,0.50459,0.33696,0.20685,0.023983,0.35266,0.35048,0.21599,0.33116
0.49249,0.7897,0.49129,0.37187,0.80345,0.57778,0.16962,0.15432,0.10291,0.21685,0.27363,0.41192,0.40537
0.6116,0.68296,0.62239,0.62531,0.69552,0.34164,0.27317,0.26199,0.20801,0.045286,0.52805,0.17668,0.25875
0.5803,0.96078,0.62278,0.39918,0.68677,0.24313,0.23923,0.25017,0.15925,0.15071,0.29845,0.44261,0.31048
0.78731,0.75622,0.55901,0.356,0.71973,0.34322,0.24572,0.25431,0.18937,0.18185,0.31923,0.45172,0.16243
0.57026,1,0.62258,0.41078,0.67876,0.28639,0.27775,0.38862,0.23851,0.14132,0.2095,0.31032,0.21668
0.63942,0.8143,0.47809,0.25534,0.84199,0.46786,0.22972,0.49178,0.29335,0.10924,0.20819,0.30647,0.16857
0.67491,0.53449,0.77768,0.67695,0.49519,0.28823,0.13771,0.18079,0.24426,0.26682,0.37155,0.41784,0.2415
0.71493,0.77683,0.71555,0.57134,0.46963,0.31032,0.17634,0.20327,0.2403,0.16094,0.24932,0.44747,0.28115
0.76414,0.65465,0.63465,0.55512,0.5827,0.25963,0.27201,0.089787,0.25418,0.37522,0.23193,0.42503,0.21304
0.77439,0.64861,0.67971,0.4071,0.62341,0.29492,0.1925,0.1281,0.29159,0.39393,0.095678,0.42923,0.32669
0.51399,0.69743,0.78192,0.64693,0.63644,0.32605,0.28608,0.1686,0.19032,0.29538,0.23795,0.28198,0.24227
0.59386,0.56823,0.74169,0.62561,0.58459,0.35373,0.44244,0.09481,0.14937,0.35557,0.22318,0.33127,0.21872
0.84611,0.37513,0.7173,0.5729,0.473,0.30166,0.24652,0.22032,0.14837,0.27299,0.29079,0.46713,0.34054
0.5628,0.45862,0.85202,0.65931,0.49366,0.28282,0.30337,0.17338,0.10274,0.23038,0.27761,0.44102,0.4239
0.53259,0.86458,0.61869,0.54419,0.68295,0.45471,0.27629,0.27863,0.17922,0.15853,0.17421,0.39851,0.13825
0.77964,0.70719,0.50988,0.52598,0.65264,0.48964,0.34496,0.21456,0.27304,0.19664,0.1597,0.25766,0.17362
0.70977,0.73998,0.48329,0.37819,0.74397,0.5527,0.29889,0.22494,0.39543,0.15187,0.25276,0.26443,0.094154
0.63095,0.70531,0.68196,0.47491,0.802,0.35067,0.32487,0.20949,0.22951,0.21234,0.22401,0.24753,0.20778
0.69055,0.86473,0.64838,0.46622,0.56599,0.37205,0.20327,0.1989,0.24624,0.26997,0.3542,0.34979,0.1274
0.66722,0.81059,0.66509,0.55386,0.6139,0.4136,0.23701,0.31986,0.2925,0.12188,0.17852,0.28604,0.15282
0.83908,0.77536,0.50271,0.50693,0.4289,0.44735,0.41057,0.28502,0.19013,0.25544,0.16438,0.27594,0.23294
0.80815,0.51304,0.55169,0.62243,0.43893,0.46433,0.48347,0.18561,0.2288,0.28003,0.30509,0.29116,0.11881
0.61452,0.87596,0.72713,0.33359,0.56577,0.3567,0.32399,0.38484,0.29698,0.28613,0.31268,0.26917,0.026847
0.53703,0.65578,0.65817,0.57501,0.60862,0.58493,0.057451,0.21068,0.47692,0.30069,0.15583,0.27358,0.16953
0.61641,0.75914,0.71504,0.47372,0.73026,0.41831,0.30356,0.27423,0.24368,0.14911,0.16359,0.25261,0.19653
0.65394,0.81303,0.4052,0.48409,0.79254,0.45727,0.38147,0.36129,0.2514,0.11967,0.13455,0.20395,0.22849
0.62342,0.79694,0.55509,0.58006,0.70606,0.45255,0.32827,0.32053,0.17883,0.13534,0.11217,0.2554,0.24026
0.74894,0.81771,0.49998,0.47943,0.52885,0.52874,0.35755,0.31911,0.27261,0.27062,0.12999,0.17377,0.18374
0.69215,0.8112,0.65872,0.46176,0.62143,0.44457,0.2993,0.28474,0.213,0.076645,0.16712,0.38219,0.18491
0.7283,0.75818,0.59956,0.49544,0.68763,0.40393,0.2836,0.31968,0.21056,0.041504,0.15684,0.39039,0.21141
0.65024,0.93038,0.51422,0.54421,0.6257,0.40145,0.2527,0.20956,0.16698,0.16733,0.23204,0.31021,0.31532
0.72552,0.7886,0.56085,0.58421,0.60195,0.4253,0.2831,0.20548,0.17448,0.22813,0.22492,0.29348,0.21712
0.70365,0.75848,0.69636,0.56496,0.61286,0.34843,0.23102,0.24706,0.19629,0.15937,0.20274,0.29593,0.29135
0.60438,0.80863,0.5282,0.57803,0.67778,0.47416,0.29679,0.32336,0.080074,0.13489,0.21182,0.39006,0.18779
0.73956,0.73561,0.64716,0.41002,0.57087,0.56491,0.28938,0.31551,0.15309,0.11592,0.26013,0.28448,0.21333
0.48992,0.66403,0.55287,0.52919,0.67922,0.63362,0.25359,0.14982,0.084211,0.056446,0.40345,0.50254,0.25226
0.45869,0.87045,0.74489,0.38102,0.62384,0.51989,0.34434,0.17496,0.11258,0.17261,0.27107,0.31484,0.31068
0.63294,0.87024,0.71753,0.44925,0.59167,0.33381,0.26456,0.27124,0.16711,0.019138,0.26868,0.39816,0.33253
0.69902,0.63707,0.72272,0.63625,0.64272,0.31478,0.2073,0.28416,0.26478,0.14585,0.18081,0.26705,0.28804
0.63743,0.6127,0.64645,0.47934,0.87519,0.35015,0.19201,0.27588,0.20226,0.10823,0.23241,0.29083,0.3659
0.62666,0.79788,0.65624,0.62518,0.65592,0.33019,0.16443,0.22465,0.29801,0.20847,0.20139,0.26556,0.25915
0.48164,0.84988,0.7458,0.5544,0.64869,0.26994,0.10473,0.20602,0.30229,0.22908,0.22279,0.27622,0.42316
0.5582,0.72633,0.84077,0.46599,0.71415,0.28946,0.18782,0.29969,0.27488,0.18037,0.29772,0.3067,0.18499
0.56786,0.84002,0.79224,0.53,0.58522,0.21298,0.16695,0.29378,0.23097,0.17425,0.33674,0.37584,0.24595
0.58119,0.75289,0.75039,0.60507,0.52444,0.17207,0.074184,0.28088,0.26486,0.21382,0.21266,0.4195,0.45909
0.61901,0.56039,0.75443,0.68411,0.56609,0.23163,0.01236,0.30435,0.36376,0.091826,0.34497,0.38254,0.37697
0.54606,0.74796,0.54371,0.65577,0.79157,0.23176,0.18064,0.41992,0.32707,0.14543,0.12583,0.19676,0.37902
0.5553,0.85433,0.77979,0.43183,0.54268,0.3557,0.22045,0.25309,0.32075,0.074754,0.40873,0.45572,0.092325
0.53145,0.76901,0.62799,0.56748,0.48859,0.37147,0.15621,0.19818,0.36755,0.15926,0.48055,0.60374,0.012837
0.64337,0.71103,0.45938,0.66535,0.60622,0.52511,0.18202,0.12033,0.2771,0.13167,0.36573,0.44965,0.14711
0.72552,0.48354,0.59127,0.45795,0.60164,0.57507,0.17398,0.28326,0.18188,0.33607,0.25125,0.54479,0.059258
0.6231,0.77167,0.62977,0.53558,0.72605,0.15769,0.18762,0.21395,0.1773,0.23085,0.27556,0.34991,0.44118
0.54095,0.8433,0.59063,0.70116,0.6069,0.21307,0.12512,0.18854,0.23957,0.25641,0.29242,0.3559,0.3746
0.48947,0.60282,0.66791,0.70802,0.70498,0.44299,0.095478,0.15076,0.23243,0.20903,0.27953,0.44019,0.23786
0.52693,0.69072,0.57271,0.53898,0.78317,0.44344,0.13531,0.11979,0.14638,0.18848,0.33299,0.5416,0.25152
0.56654,0.73561,0.74216,0.51295,0.73702,0.31808,0.17237,0.16655,0.17458,0.27418,0.26112,0.34409,0.3026
0.45755,0.5868,0.743,0.66139,0.69558,0.29736,0.13628,0.13391,0.14431,0.25966,0.40309,0.32127,0.44779
0.414,0.81133,0.63041,0.65868,0.46404,0.37196,0.20053,0.18651,0.23763,0.078259,0.29782,0.69714,0.23375
0.44465,0.69148,0.83955,0.40863,0.64814,0.28938,0.097623,0.13669,0.3671,0.33157,0.39675,0.53485,0.13646
0.54046,0.43657,0.81363,0.72098,0.50911,0.34673,0.24712,0.18435,0.11937,0.16869,0.3144,0.50404,0.34601
0.57838,0.90809,0.32374,0.29343,0.52298,0.5952,0.50687,0.29455,0.24032,0.067675,0.47598,0.44829,0.069791
0.44336,0.8325,0.24091,0.37736,0.68879,0.60116,0.42795,0.095531,0.41,0.34486,0.35173,0.45602,0.018819
0.50938,0.63452,0.28045,0.6099,0.58465,0.12077,0.026739,0.093999,0.43642,0.5497,0.61153,0.49362,0.38998
0.49435,0.61589,0.45721,0.50369,0.5258,0.078678,0.051943,0.11765,0.27981,0.37702,0.504,0.68801,0.60653
0.40294,0.48288,0.31049,0.3791,0.48468,0.14978,0.051229,0.096387,0.46481,0.39589,0.71663,0.79151,0.55963
0.6625,0.69496,0.36086,0.20316,0.48298,0.14434,0.040214,0.18061,0.39415,0.58911,0.48422,0.50397,0.60083
0.63095,0.52467,0.28925,0.40533,0.70909,0.11087,0.045889,0.1746,0.35538,0.26309,0.51647,0.70958,0.54343
0.67697,0.77038,0.18282,0.39949,0.62318,0.11482,0.1026,0.18275,0.30256,0.3717,0.55638,0.55477,0.50647
0.71189,0.44459,0.20168,0.37993,0.83415,0.14268,0.043199,0.33455,0.33039,0.36232,0.47905,0.43801,0.58218
0.69692,0.45958,0.20461,0.27894,0.62906,0.025814,0.064829,0.4345,0.52096,0.36996,0.57363,0.70401,0.35815
0.51587,0.71395,0.11434,0.36602,0.50053,0.076532,0.151,0.31888,0.33825,0.61927,0.47642,0.43551,0.70872
0.45492,0.72554,0.39376,0.13628,0.60424,0.099329,0.31139,0.14405,0.25675,0.64535,0.73525,0.51547,0.36654
0.53824,0.53143,0.32051,0.14739,0.65601,0.2906,0.20672,0.11806,0.2705,0.52867,0.63359,0.79928,0.2664
0.54847,0.56775,0.18091,0.10448,0.47935,0.30133,0.2315,0.29652,0.20195,0.32295,0.86587,0.74683,0.47967
0.59009,0.67145,0.24594,0.40016,0.5235,0.55128,0.13483,0.16727,0.318,0.28185,0.57697,0.74406,0.092425
0.53621,0.62946,0.1765,0.30107,0.59094,0.26945,0.14379,0.089967,0.48983,0.35494,0.79245,0.71681,0.23969
0.63506,0.57451,0.047464,0.26772,0.56339,0.37587,0.23505,0.13157,0.2204,0.45295,0.59427,0.75378,0.43179
0.76017,0.65151,0.14315,0.26143,0.36614,0.44641,0.22279,0.21253,0.19744,0.45862,0.75725,0.53669,0.33947
0.3616,0.34531,0.30752,0.057107,0.79605,0.43679,0.32701,0.23563,0.15348,0.31898,0.55402,0.5254,0.78536
0.49899,0.59664,0.2541,0.51374,0.68443,0.2565,0.14814,0.065932,0.20538,0.29602,0.49276,0.4896,0.7548
0.47715,0.75734,0.37401,0.37887,0.60983,0.39727,0.20352,0.057823,0,0.4566,0.52347,0.52796,0.54345
0.60664,0.45609,0.35374,0.52439,0.60497,0.18757,0.16077,0.20025,0.07293,0.38832,0.43748,0.53133,0.73799
0.63874,0.5855,0.38778,0.3444,0.66679,0.14322,0.31437,0.12508,0.055695,0.36454,0.48018,0.5413,0.64745
0.64223,0.68975,0.30687,0.32684,0.44966,0.25995,0.06237,0.14687,0.19537,0.50481,0.65383,0.67191,0.43745
0.65999,0.72275,0.3008,0.44657,0.4905,0.24645,0.089676,0.15489,0.22125,0.20756,0.42458,0.66981,0.64862
0.64734,0.56083,0.23558,0.36216,0.70834,0.3735,0.069097,0.19361,0.17141,0.57652,0.61792,0.55936,0.25288
0.66784,0.49474,0.59657,0.24535,0.6105,0.25085,0.090433,0.1641,0.12883,0.60126,0.50613,0.43819,0.52656
0.62833,0.30775,0.41155,0.33677,0.78686,0.23938,0.085935,0.17284,0.20041,0.56522,0.68403,0.51388,0.37246
0.62449,0.23402,0.42082,0.32555,0.31162,0.26901,0.18158,0.21541,0.16869,0.48299,0.6665,0.67749,0.68666
0.68868,0.3765,0.38009,0.43165,0.45994,0.20594,0.058775,0.35486,0.099712,0.3293,0.61367,0.73929,0.55183
0.57836,0.3321,0.33691,0.22645,0.47798,0.35857,0.18856,0.2505,0.095617,0.41819,0.63063,0.87113,0.49281
0.41094,0.55473,0.33862,0.39793,0.37301,0.12913,0.18817,0.18903,0.19543,0.52361,0.70649,0.81783,0.49904
0.47893,0.38331,0.36079,0.60242,0.62036,0.085214,0.14948,0.16018,0.16867,0.55759,0.56916,0.66076,0.49326
0.38504,0.38544,0.34501,0.30532,0.6416,0.1294,0.15724,0.24382,0.20471,0.4369,0.81229,0.80341,0.45362
0.45841,0.56823,0.44152,0.32885,0.45271,0.13212,0.011751,0.28341,0.22869,0.61738,0.55975,0.77791,0.46829
0.36353,0.72325,0.52102,0.41233,0.48106,0.038517,0.051397,0.3253,0.23611,0.41748,0.6879,0.72821,0.38623
0.50827,0.54031,0.49785,0.45976,0.27819,0,0.23261,0.32941,0.15904,0.55293,0.64755,0.66694,0.48776
0.70249,0.46758,0.57255,0.35251,0.39018,0.19401,0.14357,0.16617,0.22451,0.34192,0.62299,0.78733,0.37924
0.72659,0.42904,0.57445,0.53293,0.36014,0.13564,0.15776,0.12344,0.22184,0.52803,0.46286,0.51021,0.54599
0.75001,0.32495,0.51055,0.43806,0.29498,0.22668,0.43653,0.060797,0.17653,0.46233,0.46786,0.68684,0.4357
0.59407,0.48195,0.53457,0.54813,0.55219,0.15424,0.13409,0.12743,0.1383,0.47533,0.68532,0.60178,0.31368
0.50005,0.51893,0.48754,0.48183,0.52135,0.24249,0.15091,0.13387,0.10496,0.42765,0.80673,0.6827,0.28407
0.39305,0.15853,0.85907,0.46138,0.50287,0.20056,0.16897,0.17144,0.33298,0.24428,0.62195,0.71231,0.41611
0.47071,0.69504,0.3038,0.31107,0.52195,0.25041,0.14509,0.14824,0.13696,0.29619,0.67669,0.76264,0.58909
0.46463,0.52995,0.28023,0.33803,0.52468,0.30727,0.14559,0.12434,0.17258,0.2682,0.76149,0.8091,0.5554
0.39156,0.55376,0.33946,0.36471,0.63603,0.23326,0.11461,0.12477,0.19128,0.32253,0.64243,0.85122,0.51
0.46969,0.39742,0.5799,0.4999,0.44719,0.26082,0.11093,0.11993,0.1125,0.35895,0.58894,0.78167,0.53734
0.49096,0.613,0.39766,0.45643,0.49028,0.21317,0.1136,0.13243,0.1079,0.31595,0.77339,0.62322,0.59789
0.53035,0.51095,0.33383,0.39121,0.62367,0.19096,0.086607,0.22555,0.081641,0.47198,0.58378,0.75345,0.51439
0.42821,0.67592,0.29017,0.38765,0.64772,0.15867,0.080469,0.24204,0.11185,0.41631,0.5633,0.64864,0.65693
0.51012,0.50347,0.41229,0.41203,0.49836,0.1863,0.025604,0.22949,0.17429,0.33266,0.5732,0.79533,0.62635
0.47209,0.57668,0.31043,0.30901,0.42806,0.29404,0.16823,0.15655,0.15975,0.38377,0.51539,0.64001,0.8451
0.70164,0.58017,0.34593,0.36157,0.51987,0.33014,0.12981,0.13768,0.19405,0.22383,0.42675,0.51178,0.79176
0.76124,0.43618,0.24463,0.31385,0.56452,0.18124,0.15612,0.20005,0.24204,0.41426,0.65126,0.74465,0.39944
0.74049,0.68132,0.22869,0.24208,0.62718,0.29094,0.16535,0.13132,0.20024,0.32572,0.51877,0.68387,0.46859
0.63924,0.6877,0.18732,0.35826,0.66163,0.23643,0.14603,0.17383,0.16209,0.3656,0.49221,0.73493,0.45664
0.63104,0.34777,0.25096,0.39599,0.60233,0.25719,0.10736,0.08348,0.22474,0.49505,0.58342,0.62804,0.6498
0.73488,0.44806,0.27012,0.23139,0.61116,0.23448,0.16769,0.15917,0.18906,0.52867,0.48026,0.5649,0.65902
0.89217,0.54136,0.24441,0.38977,0.53125,0.30632,0.11869,0.1864,0.19299,0.40227,0.42592,0.53532,0.52655
0.4784,0.48702,0.2797,0.51887,0.66162,0.31965,0.065754,0.10974,0.17291,0.73008,0.43737,0.51537,0.50273
0.21278,0.66583,0.29357,0.51608,0.45952,0.33304,0.12705,0.17433,0.14843,0.45781,0.41582,0.67987,0.76271
0.46884,0.62935,0.28171,0.3276,0.34376,0.26665,0.16621,0.17392,0.23024,0.45718,0.54854,0.52478,0.867
0.41869,0.4197,0.48362,0.61223,0.37876,0.6016,0.055811,0.066248,0.22963,0.43194,0.33724,0.73039,0.43795
0.32251,0.63169,0.45762,0.39267,0.69366,0.29021,0.17532,0.21347,0.16867,0.33935,0.65906,0.82276,0.14946
0.59117,0.62727,0.39657,0.37359,0.41324,0.31636,0.25788,0.099923,0.27963,0.053886,0.55496,0.8863,0.4169
0.48593,0.25859,0.52352,0.5978,0.45121,0.22602,0.01112,0.094833,0.30783,0.46546,0.57676,0.64864,0.60196
0.65341,0.39491,0.6144,0.48582,0.30725,0.23169,0.10296,0.19174,0.19029,0.38163,0.61358,0.74174,0.3959
0.32899,0.40226,0.58721,0.43121,0.40833,0.16631,0.083959,0.24494,0.22034,0.43579,0.55551,0.55406,0.84544
0.59993,0.51674,0.27555,0.48599,0.42508,0.1265,0.29504,0.22809,0.21357,0.28115,0.43224,0.5061,0.87367
0.42238,0.56403,0.36962,0.62183,0.53075,0.084363,0.17695,0.2699,0.13019,0.46643,0.4289,0.45091,0.77308
0.66718,0.52048,0.13804,0.25626,0.40521,0.66061,0.44125,0.12391,0.31931,0.64855,0.47296,0.43113,0.1984
0.58943,0.25243,0.2821,0.4575,0.30188,0.63608,0.321,0.18784,0.33942,0.33596,0.8349,0.60901,0.12468
0.3152,0.39613,0.63678,0.1498,0.65861,0.4586,0.36045,0.098685,0.64141,0.10956,0.61322,0.7015,0.098367
0.67133,0.57075,0.2442,0.29982,0.50419,0.45751,0.26979,0.11873,0.47523,0.57435,0.58546,0.55883,0
0.36722,0.45894,0.42005,0.53417,0.52893,0.35343,0.29934,0.24552,0.13947,0.17672,1,0.63271,0.17559
0.35525,0.40617,0.4396,0.36476,0.54307,0.35535,0.25238,0.32487,0.25493,1,0.44139,0.42359,0.16154
0.5222,0.53523,0.3017,0.56157,0,0.63453,0.39813,0.24972,0.28972,0.51258,0.28919,0.39221,0.55609
0.41187,0.57324,0.43446,0.25024,0.49089,0.20964,0.073448,0.20631,0.23147,0.28017,0.61511,0.74457,0.75472
0.59564,0.65327,0.58802,0.34405,0.5358,0.084479,0.1223,0.085124,0.22639,0.42698,0.53539,0.59152,0.54581
0.44475,0.36532,0.60454,0.3921,0.46552,0.10333,0.046394,0.20906,0.24615,0.42386,0.69987,0.70896,0.58942
0.26683,0.53616,0.47108,0.4563,0.46202,0.25422,0.12943,0.15189,0.24093,0.192,0.56733,0.89042,0.62277
0.7005,0.56783,0,0.36209,0.87569,0.43945,0.22885,0.37913,0.20531,0.24486,0.49004,0.39345,0.38867
0.35787,0.96266,0.4626,0.4989,0.65817,0.093064,0.20478,0.33753,0.33315,0.25689,0.20772,0.2846,0.66098
0.71509,0.50082,0.3092,0.36619,0.80905,0.58265,0.23897,0.1388,0.13178,0.33881,0.49125,0.40264,0.24572
0.61687,0.72178,0.4964,0.51565,0.56865,0.5135,0.14599,0.062869,0.22896,0.52504,0.28352,0.45983,0.16428
0.81879,0.81277,0.35451,0.41052,0.71012,0.34613,0.28715,0.25692,0.14797,0.11102,0.38131,0.34096,0.38566
0.84848,0.5978,0.30824,0.43537,0.78207,0.34129,0.42114,0.1666,0.22217,0.13661,0.32187,0.44414,0.25014
0.6449,0.66948,0.48289,0.44546,0.77309,0.33817,0.19104,0.1117,0.17839,0.33644,0.17853,0.31037,0.59915
0.62191,0.72966,0.35697,0.41981,0.87602,0.42608,0.259,0.079155,0.18678,0.35951,0.35216,0.33921,0.28901
0.40846,0.85461,0.29273,0.54902,0.80111,0.44934,0.36063,0.095058,0.10828,0.28379,0.37131,0.29693,0.4175
0.68459,0.5366,0.71118,0.48622,0.39349,0.21707,0.30986,0.1397,0.19823,0.65545,0.42383,0.31536,0.28168
0.58402,0.5729,0.62619,0.46092,0.6051,0.25787,0.17794,0.21147,0.16495,0.76269,0.24708,0.3689,0.28557
0.74227,0.76616,0.54028,0.42637,0.45298,0.26351,0.20402,0.10999,0.18282,0.40281,0.63908,0.42258,0.23704
0.7076,0.56539,0.56425,0.51256,0.48652,0.2199,0.15278,0.20088,0.12263,0.5969,0.48196,0.52452,0.21849
0.75506,0.68309,0.36721,0.48899,0.53582,0.29014,0.14181,0.21406,0.21864,0.58373,0.4187,0.52822,0.1301
0.59671,0.6954,0.34029,0.70103,0.65274,0.31501,0.22006,0.201,0.20653,0.49213,0.39595,0.43474,0.084297
0.55045,0.72158,0.62281,0.36707,0.62456,0.20388,0.25115,0.2387,0.10564,0.5191,0.62204,0.45671,0.11261
0.90151,0.546,0.59516,0.39836,0.56387,0.34616,0.18966,0.25168,0.13399,0.10566,0.38332,0.48733,0.38885
0.70176,0.68942,0.54958,0.62578,0.56132,0.10498,0.17963,0.23209,0.18612,0.27584,0.2852,0.37352,0.5497
0.68231,0.78009,0.51912,0.4254,0.75801,0.20317,0.10984,0.11634,0.26658,0.35795,0.38807,0.41765,0.31642
0.57195,0.81633,0.65136,0.58253,0.56751,0.19888,0.099767,0.15536,0.18183,0.34463,0.43287,0.44278,0.31193
0.52669,0.57502,0.73974,0.45022,0.62659,0.25189,0.097097,0.1218,0.14258,0.3496,0.55349,0.61661,0.27129
0.6514,0.59955,0.6984,0.62946,0.45785,0.26817,0.11696,0.15054,0.14895,0.28763,0.38554,0.58233,0.32903
0.61931,0.85759,0.5055,0.52221,0.58615,0.22609,0.13018,0.080551,0.22161,0.46026,0.40994,0.45298,0.28786
0.62661,0.83596,0.48517,0.4189,0.74563,0.23297,0.16268,0.12096,0.15119,0.36788,0.35977,0.48589,0.34167
0.65243,0.84877,0.46315,0.35132,0.61124,0.30473,0.095037,0.11601,0.1383,0.32946,0.55634,0.52398,0.36593
0.59178,0.55253,0.65189,0.51561,0.50852,0.2636,0.044733,0.028472,0.24448,0.53266,0.4034,0.42144,0.54012
0.61125,0.82963,0.57351,0.54893,0.41748,0.2201,0.071598,0.11621,0.23616,0.4266,0.35705,0.41654,0.5159
0.55704,0.96276,0.51296,0.55638,0.6288,0.21744,0.11223,0.17843,0.2576,0.36842,0.26946,0.37324,0.35575
0.65373,0.87612,0.44154,0.45982,0.63328,0.14821,0.10618,0.17367,0.27671,0.37724,0.33075,0.3299,0.5383
0.68697,0.70038,0.5735,0.72594,0.46098,0.30501,0.095583,0.16173,0.21035,0.2578,0.34154,0.42837,0.36416
0.63883,0.77841,0.60038,0.63512,0.5295,0.22702,0.11341,0.14529,0.20066,0.2157,0.3082,0.51488,0.4054
0.72541,0.60023,0.48399,0.44652,0.71168,0.44083,0.038153,0.15651,0.10297,0.31769,0.39322,0.46201,0.4062
0.51104,0.59015,0.59475,0.70533,0.4111,0.47253,0.065418,0.053521,0.18031,0.43535,0.49667,0.39921,0.3833
0.61075,0.71449,0.4764,0.52702,0.61674,0.32821,0.03315,0.11506,0.29018,0.13549,0.54128,0.66325,0.25832
0.42482,0.85695,0.4161,0.601,0.58803,0.35927,0.078577,0.067396,0.19502,0.2224,0.55143,0.60089,0.35698
0.69192,0.71522,0.32156,0.43801,0.51799,0.50958,0.10485,0.11628,0.13828,0.20635,0.64123,0.564,0.34953
0.77245,0.5457,0.45015,0.31406,0.61361,0.29308,0.2453,0.077218,0.11145,0.58062,0.5249,0.47187,0.3324
0.5634,0.74799,0.47796,0.51939,0.60271,0.32564,0.10382,0.12256,0.10796,0.61975,0.30324,0.44012,0.38804
0.57343,0.74417,0.55046,0.42019,0.59965,0.34449,0.13306,0.05316,0.13828,0.53213,0.45,0.55369,0.24482
0.8346,0.64425,0.31529,0.42212,0.594,0.39416,0.17299,0.15455,0.089935,0.45253,0.43198,0.45342,0.35923
0.7173,0.82114,0.43426,0.50716,0.62601,0.33536,0.175,0.12105,0.18083,0.4425,0.43183,0.32641,0.25569
0.6793,0.71914,0.63323,0.48006,0.69654,0.27311,0.10607,0.11999,0.23884,0.33738,0.46223,0.36474,0.23736
0.63228,0.69591,0.37049,0.45595,0.70465,0.21536,0.075866,0.07965,0.17916,0.3569,0.49679,0.52119,0.52838
0.64198,0.64688,0.34933,0.59059,0.62618,0.3331,0.1413,0.043835,0.11246,0.37209,0.36595,0.51957,0.53175
0.62876,0.73701,0.55088,0.29236,0.63664,0.278,0.18214,0.12312,0.074141,0.28716,0.34423,0.58972,0.56796
0.53893,0.92065,0.51351,0.33871,0.59204,0.26251,0.16937,0.16572,0.077003,0.23134,0.47526,0.49588,0.55845
0.58968,0.513,0.52286,0.53964,0.64816,0.3311,0.22457,0.070933,0.021538,0.2353,0.37294,0.60983,0.56264
0.55469,0.68635,0.47298,0.68163,0.59127,0.36616,0.166,0.13932,0.032778,0.31721,0.27902,0.45884,0.52519
0.711,0.77584,0.55343,0.49238,0.5318,0.32417,0.15638,0.13986,0.10947,0.26962,0.34223,0.35104,0.55673
0.72312,0.61001,0.44303,0.47771,0.65638,0.18564,0.08852,0.19669,0.11344,0.37721,0.35261,0.51321,0.5611
0.53711,0.74206,0.48587,0.38542,0.69069,0.25537,0.15493,0.11898,0.086174,0.25326,0.3591,0.59098,0.62023
0.61075,0.95659,0.38956,0.29194,0.55278,0.29965,0.13258,0.30453,0.15453,0.15975,0.28569,0.64095,0.5316
0.58925,0.84274,0.31208,0.34197,0.72335,0.14821,0.092031,0.23585,0.20356,0.3621,0.38186,0.50358,0.58994
0.45154,0.8965,0.5074,0.28212,0.73122,0.14432,0.15417,0.22192,0.13391,0.42225,0.38467,0.48903,0.5255
0.84227,0.58124,0.36562,0.37047,0.68795,0.25722,0.14812,0.14157,0.17575,0.30177,0.37188,0.5456,0.49663
0.53829,0.53885,0.63744,0.62003,0.67416,0.28955,0.17443,0.10191,0.07926,0.31341,0.45525,0.59206,0.27636
0.45129,0.42317,0.72711,0.5996,0.49165,0.22897,0.163,0.17638,0.10567,0.31564,0.50826,0.75028,0.33846
0.67046,0.51283,0.70803,0.59245,0.50002,0.15774,0.10895,0.1652,0.21169,0.3874,0.51558,0.5308,0.27482
0.47758,0.57178,0.78953,0.58251,0.66106,0.20883,0.097749,0.20841,0.1622,0.31168,0.35931,0.58521,0.28272
0.69142,0.36246,0.62799,0.63652,0.36333,0.51854,0.21816,0.014777,0.20951,0.39928,0.30935,0.49341,0.38804
0.48682,0.78903,0.3167,0.40735,0.64585,0.2962,0.29763,0.2096,0.16878,0.43608,0.40406,0.77555,0.090636
0.69087,0.56214,0.25258,0.42536,0.76282,0.25839,0.25775,0.089854,0.26936,0.37491,0.59015,0.62239,0.15961
0.4956,0.65512,0.57824,0.5081,0.71008,0.19524,0,0.2399,0.37344,0.41334,0.5429,0.55282,0.088629
0.43696,0.61458,0.56269,0.45012,0.87258,0.31719,0.15636,0.24365,0.1178,0.2107,0.52357,0.62106,0.17368
0.61817,0.5824,0.52507,0.34011,0.82703,0.12916,0.088773,0.32738,0.15328,0.401,0.52875,0.55828,0.26465
0.49134,0.61179,0.53018,0.49064,0.72954,0.27576,0.078136,0.058904,0.12006,0.33965,0.56247,0.61449,0.39819
0.59368,0.75284,0.55736,0.50245,0.5702,0.17845,0.048033,0.10745,0.17561,0.36631,0.46187,0.52501,0.49458
0.50126,0.65984,0.57938,0.55986,0.66855,0.22309,0.02902,0.12655,0.20315,0.30709,0.31543,0.53497,0.56766
0.41025,0.75703,0.48183,0.47509,0.65094,0.27531,0.034832,0.11833,0.12986,0.24906,0.53756,0.60365,0.5768
0.51491,0.5883,0.75667,0.49979,0.76299,0.16662,0.048328,0.16858,0.26097,0.26932,0.39929,0.50169,0.36452
0.47478,0.58646,0.75099,0.34967,0.53115,0.1909,0.13517,0.18498,0.19938,0.36913,0.29025,0.44228,0.76577
0.69845,0.36254,0.35481,0.74077,0.62928,0.14738,0.41426,0.13484,0.17947,0.41512,0.45479,0.30618,0.44667
0.44589,0.36227,0.76914,0.77715,0.44611,0.27396,0.15598,0.17692,0.16984,0.3243,0.43111,0.5845,0.3554
1,0.35169,0.32282,0.50059,0.57119,0.27385,0.18553,0.27884,0.23967,0.31665,0.38199,0.43158,0.42388
0.95679,0.39643,0.24098,0.43383,0.69799,0.33401,0.20517,0.2461,0.22775,0.25908,0.34262,0.4802,0.43406
0.41281,0.42868,0.6232,0.57951,0.38839,0.61396,0.24845,0,0.39404,0.22047,0.65969,0.57721,0.11422
0.42001,0.83044,0.52145,0.59701,0.36274,0.10552,0.051439,0.15128,0.32752,0.49109,0.54599,0.49879,0.46682
0.26704,0.66711,0.28387,0.23126,0.44035,0.10362,0.10125,0.26055,0.57358,0.6543,0.65841,0.67434,0.42989
0.33318,0.55101,0.16196,0.22883,0.41447,0.14794,0.14509,0.24215,0.45745,0.68948,0.64931,0.75618,0.53549
0.47262,0.5641,0.16152,0.38808,0.37777,0.078369,0.076349,0.37784,0.31314,0.55157,0.63043,0.7261,0.60777
0.30988,0.3141,0.25057,0.32926,0.36992,0.12166,0.19828,0.32833,0.34546,0.41413,0.7689,0.75812,0.75693
0.45019,0.3414,0.28461,0.31657,0.2597,0.13181,0.10221,0.2705,0.64372,0.38822,0.72372,0.74156,0.62299
0.44682,0.47589,0.071761,0.10792,0.25819,0.19194,0.40502,0.37685,0.45668,0.67818,0.61177,0.75772,0.46846
0.43998,0.48456,0.25071,0.0446,0.61728,0.31442,0.2769,0.1325,0.26756,0.51071,0.77326,0.76157,0.42443
0.4923,0.33382,0.1526,0.12365,0.46938,0.3687,0.26721,0.24769,0.22497,0.52676,0.81226,0.78727,0.47409
0.51326,0.55809,0.098899,0.19743,0.24556,0.24129,0.34652,0.39874,0.21432,0.37463,0.79168,0.71817,0.62231
0.44698,0.29642,0.47633,0.31454,0.31409,0.23909,0.43237,0.19383,0.23264,0.3086,0.86495,0.85368,0.32046
0.30243,0.3231,0.51093,0.36302,0.42193,0.30635,0.28468,0.16885,0.2501,0.34491,0.69685,0.97673,0.30398
0.37292,0.50683,0.46125,0.22047,0.12908,0.17998,0.40662,0.44674,0.20529,0.51992,0.43753,0.55194,0.8447
0.2934,0.4064,0.19447,0.29327,0.51438,0.27732,0.14107,0.32582,0.97501,0.66845,0.44243,0.3836,0.3531
0.24858,0.36509,0.34489,0.20258,0.45194,0.25747,0.20961,0.24848,0.25512,0.36159,0.70863,0.84194,0.74335
0.24016,0.35485,0.29941,0.26874,0.3945,0.25379,0.24376,0.28648,0.29441,0.2947,0.61424,0.83051,0.83759
0.29359,0.44166,0.25803,0.29976,0.37966,0.2693,0.15211,0.21604,0.28432,0.45906,0.65575,0.89497,0.6495
0.41561,0.53426,0.28339,0.19208,0.46453,0.1871,0.11885,0.20615,0.27883,0.50621,0.82761,0.72677,0.58473
0.36864,0.40759,0.35993,0.3027,0.4576,0.26156,0.17549,0.24099,0.24777,0.36533,0.40497,0.6725,0.94138
0.27125,0.4055,0.23775,0.26026,0.47332,0.2458,0.25251,0.2988,0.34818,0.32555,0.50588,0.58882,0.99456
0.22493,0.33491,0.28273,0.28333,0.45764,0.22825,0.2366,0.30381,0.28165,0.37113,0.61538,0.66967,0.92852
0.24671,0.33563,0.28085,0.30998,0.42347,0.22573,0.16773,0.32821,0.27555,0.36033,0.67778,0.74834,0.85229
0.2976,0.31255,0.33724,0.34284,0.46008,0.22265,0.15415,0.32518,0.22274,0.43904,0.62842,0.56997,0.9258
0.18276,0.33336,0.29678,0.27255,0.44724,0.1984,0.20304,0.24876,0.41252,0.41897,0.74718,0.92692,0.56049
0.22619,0.43969,0.39435,0.20383,0.40742,0.15061,0.14126,0.2952,0.3934,0.45935,0.85012,0.84396,0.50375
0.20215,0.45071,0.19133,0.22879,0.3727,0.21324,0.39192,0.18822,0.39358,0.38771,0.88151,0.81653,0.5642
0.266,0.32905,0.14481,0.2576,0.42306,0.31604,0.23269,0.19841,0.40384,0.67285,0.6843,0.86198,0.46386
0.4385,0.4355,0.35488,0.31703,0.35218,0.079993,0.12043,0.30815,0.37254,0.4911,0.51806,0.62898,0.85531
0.2171,0.3537,0.25612,0.23529,0.38196,0.21066,0.19756,0.2693,0.37589,0.55198,0.77552,0.63693,0.80581
0.22953,0.36498,0.25681,0.26229,0.40489,0.24126,0.19414,0.28916,0.36102,0.60112,0.8593,0.42456,0.80613
0.24566,0.37055,0.20126,0.21569,0.35468,0.23193,0.23369,0.28032,0.45633,0.39354,0.76982,0.64137,0.85593
0.25872,0.32553,0.27928,0.23824,0.32217,0.19858,0.18019,0.32264,0.4823,0.55417,0.81596,0.86725,0.44505
0.20013,0.3313,0.33108,0.25779,0.38133,0.23806,0.24952,0.3148,0.32203,0.31902,0.68868,0.95018,0.64649
0.20994,0.31997,0.3504,0.30197,0.37366,0.25578,0.26015,0.29604,0.2969,0.30699,0.5331,0.91761,0.77473
0.19296,0.30197,0.36747,0.30259,0.37874,0.25592,0.24545,0.28113,0.29853,0.31498,0.59141,0.86226,0.80903
0.2093,0.30043,0.29377,0.25681,0.36646,0.25749,0.2485,0.30315,0.32062,0.35134,0.6786,0.86982,0.76311
0.19142,0.2996,0.30961,0.27396,0.37166,0.24942,0.26819,0.30619,0.31391,0.33592,0.63206,0.87842,0.7796
0.22636,0.28801,0.23566,0.24024,0.42471,0.2274,0.20099,0.29866,0.35273,0.46865,0.70585,0.76501,0.79917
0.21949,0.31814,0.2569,0.27281,0.37734,0.24649,0.23438,0.35438,0.36681,0.26324,0.63162,0.89018,0.77706
0.1861,0.27362,0.25626,0.23615,0.37585,0.25855,0.24155,0.30856,0.35352,0.44149,0.70374,0.78898,0.79931
0.17238,0.31109,0.30428,0.21368,0.40985,0.23805,0.22644,0.28314,0.36021,0.41757,0.73258,0.8696,0.69707
0.20377,0.31402,0.31396,0.26533,0.34787,0.26732,0.2546,0.31867,0.35022,0.38001,0.66608,1,0.54858
0.19581,0.25353,0.26803,0.23712,0.34107,0.25472,0.2464,0.32565,0.38217,0.44419,0.83044,0.86758,0.60427
0.25843,0.35819,0.28552,0.28679,0.37499,0.27429,0.24892,0.29465,0.27433,0.32549,0.54135,0.92595,0.7572
0.23772,0.28384,0.24233,0.26401,0.41002,0.27845,0.26912,0.36038,0.29876,0.27827,0.58751,0.88913,0.79518
0.18735,0.30573,0.25775,0.23226,0.37219,0.29604,0.27431,0.29459,0.33119,0.39015,0.6317,0.76614,0.86749
0.18252,0.31312,0.31792,0.24443,0.37755,0.318,0.26493,0.30706,0.30387,0.28274,0.67069,0.94163,0.68545
0.23005,0.32769,0.29023,0.2748,0.38718,0.25892,0.25169,0.32019,0.29069,0.33592,0.57836,0.94981,0.71408
0.1903,0.33679,0.26476,0.29609,0.37139,0.27734,0.25592,0.32108,0.28957,0.31822,0.62546,0.8316,0.83069
0.22491,0.32763,0.31218,0.28644,0.38776,0.27415,0.29576,0.37054,0.35578,0.25902,0.42107,0.66131,1
0.19367,0.29332,0.40005,0.345,0.36616,0.28868,0.28964,0.30343,0.29686,0.25399,0.47409,0.72255,0.94883
0.20488,0.17936,0.30161,0.62283,0.27549,0.55723,0.35677,0.19467,0.40015,0.31045,0.77966,0.78842,0.24259
0.028441,0,0.35673,0.67307,0.49894,0.55049,0.37747,0.35253,0.44018,0.1602,0.60044,0.78733,0.3101
0.18084,0.29399,0.29176,0.17913,0.31551,0.26578,0.3079,0.46558,0.41148,0.2744,0.53526,0.79654,0.87526
0.21661,0.24964,0.19179,0.14682,0.37885,0.27089,0.30172,0.37801,0.40256,0.44919,0.61083,0.80639,0.80335
0.16098,0.24785,0.18584,0.20297,0.34526,0.27533,0.26829,0.40857,0.54138,0.47947,0.75623,0.9142,0.45738
0.16553,0.26382,0.23751,0.23953,0.30896,0.30176,0.35606,0.41074,0.4138,0.37263,0.73121,0.98818,0.44385
0.1941,0.22508,0.24324,0.22215,0.37326,0.25603,0.25868,0.42713,0.40795,0.40442,0.73456,0.9609,0.52572
0.093426,0.19284,0.25038,0.2088,0.32605,0.2336,0.29414,0.43238,0.58208,0.60725,0.79922,0.79422,0.44655
0.13618,0.28428,0.1872,0.18381,0.39929,0.32708,0.22654,0.41285,0.50812,0.74604,0.70806,0.80476,0.34613
0.17894,0.25436,0.18285,0.17222,0.33451,0.29992,0.23939,0.37607,0.50737,0.71334,0.75201,0.78002,0.47538
0.17305,0.2868,0.16411,0.1795,0.35508,0.26716,0.26231,0.45538,0.39902,0.46994,0.63634,0.74323,0.82914
0.15934,0.21854,0.1733,0.19141,0.28843,0.25577,0.28306,0.48173,0.47237,0.54673,0.72918,0.66375,0.77557
0.17137,0.23549,0.1135,0.11082,0.36051,0.26387,0.31832,0.56379,0.54299,0.55989,0.69963,0.83465,0.4749
0.12512,0.16003,0.08867,0.10217,0.37842,0.32078,0.3694,0.48474,0.70646,0.5357,0.62447,0.63064,0.6766
0.13041,0.1805,0.11643,0.20524,0.37867,0.22547,0.26999,0.52568,0.61328,0.42985,0.72653,0.73677,0.68372
0.16778,0.20956,0.12413,0.14171,0.27472,0.30866,0.48874,0.39619,0.46435,0.68097,0.66036,0.62401,0.69188
0.1269,0.21728,0.41788,0.36493,0.30326,0.2336,0.31391,0.44359,0.50417,0.20539,0.5127,0.56464,0.97113
0.20359,0.20642,0.30291,0.29523,0.21264,0.30255,0.19311,0.31879,0.60983,0.71136,0.79674,0.68856,0.43524
0.15507,0.10175,0.30226,0.25502,0.20516,0.2366,0.29104,0.64929,0.68576,0.57493,0.64007,0.75592,0.3931
0,0.057774,0.53142,0.34392,0.21246,0.35263,0.4002,0.3987,0.41722,0.42207,0.56255,0.73596,0.73449
0.27378,0.2092,0.39427,0.031055,0.31429,0.26002,0.20029,0.4252,0.85101,0.59379,0.65718,0.55716,0.49651
0.12015,0.29243,0.20106,0.2823,0.39996,0.40073,0.39119,0.38213,0.41777,0.35456,0.74842,0.97958,0.26311
0.19,0.26183,0.10709,0.15856,0.34278,0.50798,0.36014,0.38774,0.39207,0.5654,0.95916,0.66787,0.37582
0.30067,0.27843,0.15961,0.069995,0.24921,0.30672,0.31874,0.67327,0.59293,0.41812,0.83207,0.74762,0.3455
0.10712,0.31031,0.17732,0.091447,0.35676,0.22196,0.35033,0.59751,0.69667,0.61253,0.78841,0.64414,0.34471
0.1532,0.21239,0.21332,0.15631,0.27312,0.25105,0.31533,0.55096,0.63616,0.59501,0.75504,0.78167,0.37662
0.13455,0.14079,0.17559,0.13418,0.28739,0.31454,0.33976,0.62514,0.45761,0.63947,0.75645,0.68518,0.56124
0.11192,0.16023,0.18056,0.16821,0.36393,0.36317,0.39333,0.49449,0.50379,0.63836,0.80864,0.77351,0.29897
0.16975,0.11514,0.1139,0.10518,0.34644,0.35424,0.32329,0.55477,0.63883,0.4513,0.60434,0.68296,0.72722
0.097307,0.14117,0.088426,0.13522,0.42754,0.29553,0.30833,0.66184,0.62162,0.56626,0.68515,0.7112,0.49169
0.11263,0.1357,0.14463,0.14378,0.29477,0.30678,0.39649,0.66099,0.56319,0.71493,0.69058,0.58861,0.501
0.01171,0.15758,0.32858,0.3538,0.49177,0.33339,0.36014,0.52895,0.59743,0.39433,0.51725,0.5277,0.58747
0.50927,0.51266,0.39753,0,0.16088,0.44149,0.73509,0.40523,0.32421,0.5569,0.33456,0.3047,0.59287
0.47273,0.42296,0.58801,0.015135,0.55735,0.48945,0.35114,0.73305,0.67206,0.31357,0.31411,0,0.34958
0.24614,0.51647,0.32061,0.1229,0.73665,0.56831,0.61569,0.75632,0.59658,0.1986,0.23155,0.22972,0.099797
0.2922,0.36951,0.22573,0.33627,0.83865,0.7268,0.56858,0.67384,0.30134,0.12543,0.1668,0.24822,0.29381
0.18189,0.35575,0.3384,0.46184,0.44745,0.97117,0.44763,0.49259,0.44401,0.21027,0.24092,0.29322,0.26737
0.25073,0.26506,0.27376,0.27665,0.67859,0.8126,0.704,0.59724,0.27846,0.16053,0.23982,0.32822,0.28345
0.19867,0.29334,0.1771,0.46187,0.43168,0.80915,0.75359,0.60943,0.31426,0.2091,0.30111,0.30578,0.29916
0.21722,0.21199,0.14388,0.36727,0.8715,0.76228,0.46162,0.63633,0.38547,0.20356,0.2541,0.29179,0.33252
0.2118,0.34705,0.29054,0.21254,0.32663,0.92387,0.64619,0.48615,0.31954,0.2437,0.40302,0.45765,0.30498
0.24042,0.31775,0.29815,0.2819,0.40358,1,0.4888,0.4254,0.41337,0.27224,0.32973,0.38612,0.29681
0.21421,0.21313,0.24502,0.13993,0.44753,0.71978,0.76446,0.77727,0.45432,0.22992,0.32087,0.31387,0.33265
0.19587,0.28979,0.36658,0.22531,0.35652,0.67616,0.77282,0.78783,0.50154,0.15731,0.183,0.23511,0.42023
0.15823,0.26406,0.33552,0.2994,0.38856,0.6862,0.88665,0.61952,0.44235,0.21778,0.20227,0.25873,0.39688
0.19447,0.26737,0.32274,0.34354,0.37683,0.42849,0.96622,0.76319,0.40312,0.20765,0.29004,0.29687,0.34509
0.2244,0.32375,0.33359,0.29021,0.39331,0.4382,0.89609,0.88451,0.3565,0.19869,0.27237,0.31963,0.29255
0.20468,0.30312,0.28842,0.27135,0.40636,0.56883,1,0.55289,0.44053,0.23558,0.28877,0.33427,0.29229
0.11497,0.14643,0.32378,0.49235,0.38465,0.9079,0.57815,0.51614,0.37702,0.21674,0.26641,0.38478,0.40247
0.203,0.2985,0.35817,0.35781,0.44802,0.93279,0.60753,0.54331,0.41539,0.1454,0.24693,0.296,0.29216
0.14271,0.27763,0.16491,0.29688,0.65406,0.802,0.64199,0.61413,0.36558,0.10711,0.2415,0.30589,0.50811
0.20689,0.22124,0.25153,0.20906,0.49794,0.85697,0.66143,0.69793,0.36017,0.20661,0.29842,0.35379,0.32851
0.18118,0.22679,0.25462,0.24958,0.4893,0.71039,0.7256,0.79149,0.44032,0.2256,0.28611,0.31078,0.28111
0.21913,0.2647,0.20443,0.30804,0.54101,0.80368,0.65614,0.77402,0.3963,0.17293,0.22795,0.2903,0.29823
0.18407,0.2912,0.22843,0.39873,0.44275,0.42259,0.66761,1,0.58181,0.16288,0.16812,0.24257,0.40425
0.17175,0.26972,0.41219,0.23122,0.48713,0.55056,0.75321,0.89836,0.51027,0.2357,0.20185,0.18371,0.29509
0.18315,0.21985,0.24311,0.24029,0.31033,0.83907,0.71272,0.62079,0.47811,0.1776,0.39622,0.42254,0.31304
0.1753,0.20703,0.22696,0.21055,0.30979,0.7769,0.76353,0.66306,0.41558,0.30535,0.36259,0.46762,0.28332
0.20076,0.24493,0.2608,0.25005,0.34231,0.63685,0.83933,0.80772,0.32781,0.1717,0.33433,0.43968,0.32649
0.25473,0.25075,0.24851,0.22485,0.33696,0.82406,0.64058,0.69645,0.60446,0.18184,0.29102,0.2728,0.33535
0.23899,0.20238,0.33014,0.21341,0.33394,0.58217,0.75258,0.93026,0.45589,0.12782,0.38558,0.31664,0.33282
0.22249,0.25743,0.26457,0.26209,0.37844,0.46772,0.80978,0.95583,0.46529,0.18006,0.28407,0.3267,0.33307
0.18845,0.27908,0.23067,0.22974,0.34921,0.44145,0.7826,0.97299,0.48977,0.25574,0.3838,0.35618,0.27457
0.15392,0.29136,0.30338,0.26306,0.31346,0.52213,0.50156,0.78315,0.91861,0.29932,0.36299,0.353,0.15751
0.13972,0.25657,0.34824,0.37811,0.22214,0.70037,0.66705,0.69048,0.71731,0.28823,0.23022,0.29935,0.23891
0.16779,0.15848,0.4653,0.32224,0.35477,0.72781,0.71806,0.70482,0.60299,0.17303,0.24987,0.27718,0.23663
0.20797,0.13758,0.22321,0.32397,0.22942,0.65897,0.64232,0.88861,0.51828,0.14026,0.40857,0.45769,0.3375
0.089865,0.19512,0.26428,0.22627,0.24021,0.77402,0.70001,0.56187,0.54376,0.22315,0.55249,0.50224,0.30044
0.085894,0.17475,0.24205,0.20828,0.18817,0.59021,0.71039,0.81725,0.53606,0.37491,0.35452,0.50222,0.39546
0.13602,0.20392,0.26678,0.22795,0.25219,0.52581,0.59734,0.86271,0.79838,0.32399,0.3806,0.33137,0.30159
0.095458,0.18501,0.1958,0.24105,0.3769,0.57973,0.79288,0.83831,0.50318,0.35799,0.37725,0.36632,0.28454
0.15467,0.28824,0.28562,0.2925,0.34058,0.8211,0.75718,0.63753,0.37759,0.29541,0.33711,0.3619,0.23116
0.14031,0.25652,0.25938,0.20714,0.41475,0.75267,0.81985,0.61996,0.46059,0.30912,0.34439,0.37362,0.21937
0.21121,0.1203,0.77182,0.67828,0.26605,0.38273,0.25397,0.5157,0.69353,0.20361,0.50574,0.49979,0.12901
0.072974,0.061002,0.46255,0.39892,0.32216,0.38477,0.33901,0.47222,0.6638,0.48771,0.7085,0.7562,0.1054
0.20109,0.020486,0.16476,0.1704,0.4781,0.58431,0.50634,0.79529,0.72612,0.34848,0.52966,0.47195,0.19248
0.19914,0.19969,0.10511,0.14766,0.41552,0.48791,0.50379,0.87877,0.80058,0.21007,0.43741,0.32761,0.481
0.14651,0.19857,0.14102,0.15406,0.27497,0.25354,0.43297,0.78078,0.81564,0.50765,0.54707,0.52154,0.469
0.14978,0.13786,0.18842,0.17062,0.27701,0.28238,0.49871,0.89424,0.70061,0.32529,0.66008,0.55191,0.40791
0.22174,0.099027,0.12866,0.1438,0.37177,0.29725,0.39283,0.72652,0.76636,0.50176,0.76625,0.52729,0.32078
0.14018,0.27626,0.18994,0.099883,0.34384,0.2067,0.45725,0.78867,0.80014,0.51832,0.60157,0.54462,0.31213
0.16404,0.15845,0.13145,0.17286,0.35622,0.2536,0.39078,0.83892,0.80076,0.50079,0.59937,0.48703,0.3988
0.2192,0.2488,0.2941,0.27987,0.30535,0.25806,0.33683,0.7005,1,0.49173,0.47437,0.41366,0.24208
0.66832,0.17136,0.25441,0.23659,0.1771,0.33605,0.2945,0.48378,0.82049,0.53733,0.5442,0.5359,0.21693
0.20519,0.24757,0.13083,0.14463,0.31221,0.41054,0.46713,0.64845,0.82504,0.61359,0.60017,0.48283,0.18024
0.14802,0.22881,0.2053,0.15853,0.30976,0.41743,0.5425,0.98874,0.6716,0.43408,0.45454,0.41848,0.26948
0.26192,0.18377,0.1384,0.17659,0.29989,0.41103,0.41677,0.89408,0.75503,0.29312,0.54475,0.62294,0.23558
0.13161,0.22967,0.26354,0.19894,0.25279,0.3692,0.58787,0.80567,0.75169,0.49072,0.55242,0.49112,0.14087
0.1161,0.1912,0.19851,0.16861,0.30207,0.38299,0.59189,0.75436,0.67201,0.44722,0.64004,0.63446,0.15325
0.12021,0.088122,0.19647,0.20926,0.35871,0.51488,0.71449,0.8477,0.61914,0.31826,0.35453,0.31629,0.5092
0.070874,0.049742,0.19745,0.19187,0.28177,0.58377,0.60484,0.74931,0.70753,0.44065,0.40721,0.44415,0.43344
0.11601,0.074778,0.21817,0.15957,0.30323,0.51496,0.67903,0.67668,0.77242,0.4988,0.37447,0.41181,0.37658
0.1024,0.12264,0.10201,0.10397,0.44076,0.50864,0.56374,0.79912,0.76124,0.39433,0.42179,0.42381,0.43381
0.088382,0.12236,0.12708,0.1225,0.41949,0.53583,0.65527,0.8136,0.62449,0.43222,0.53772,0.36748,0.35941
0.15748,0.16432,0.17761,0.16735,0.28519,0.51609,0.59753,0.85611,0.74369,0.36155,0.3729,0.35479,0.43734
0.12123,0.18371,0.20077,0.19107,0.40321,0.47582,0.57584,0.9031,0.80705,0.24002,0.3105,0.38397,0.38388
0.046816,0.14112,0.12422,0.098824,0.41087,0.48955,0.61184,0.80198,0.67901,0.44237,0.42777,0.40992,0.49864
0.11875,0.23642,0.13653,0.15042,0.26175,0.41963,0.57045,0.84556,0.79583,0.37054,0.4311,0.42266,0.45309
0.16114,0.20051,0.18374,0.17499,0.33086,0.32584,0.59791,0.92713,0.77989,0.30834,0.45826,0.40723,0.37337
0.14287,0.20217,0.21068,0.1747,0.28061,0.34225,0.61958,0.911,0.76836,0.33891,0.42097,0.39628,0.41443
0.13407,0.21985,0.20374,0.18032,0.33463,0.36053,0.52686,0.94821,0.78689,0.39845,0.37459,0.33987,0.41723
0.15333,0.22316,0.22215,0.2098,0.33019,0.34364,0.81863,0.88528,0.58733,0.38773,0.36589,0.38253,0.31912
0.06446,0.16725,0.14543,0.098527,0.30407,0.38489,0.43454,0.60077,0.63539,0.66395,0.71433,0.60198,0.43101
0.10577,0.070584,0.1214,0.12348,0.43516,0.43529,0.4049,0.68081,0.62276,0.63382,0.71683,0.57702,0.3093
0.07706,0.19106,0.13216,0.17377,0.44775,0.44485,0.39243,0.483,0.73341,0.7272,0.60503,0.60949,0.21966
0.18098,0.21856,0.054387,0.12348,0.29799,0.27531,0.41973,0.70453,0.72612,0.55337,0.52368,0.50963,0.64115
0.084045,0.12999,0.049993,0.12468,0.32597,0.52141,0.49434,0.71088,0.59149,0.36223,0.59931,0.68155,0.5048
0.10559,0.13296,0.10522,0.16183,0.27223,0.35788,0.40647,0.68212,0.6844,0.52179,0.68244,0.6789,0.43747
0.056015,0.1601,0.15764,0.16015,0.29861,0.34557,0.5042,0.73377,0.65059,0.70963,0.58314,0.48735,0.40179
0.08425,0.13057,0.28236,0.12244,0.3343,0.35069,0.47802,0.6445,0.8165,0.68413,0.55562,0.43723,0.32353
0.16285,0.14732,0.29901,0.2596,0.19943,0.28925,0.49848,0.63683,0.93261,0.47771,0.51233,0.52375,0.29534
0.1268,0.049462,0.32036,0.24704,0.16011,0.42159,0.49609,0.56985,0.83221,0.56176,0.55129,0.55062,0.32431
0.14241,0.076913,0.1925,0.15944,0.25933,0.36932,0.49607,0.66241,0.64295,0.59637,0.72762,0.62449,0.2991
0.18069,0.14503,0.26291,0.10635,0.2176,0.29805,0.48564,0.61934,0.6313,0.53737,0.72553,0.73786,0.31236
0.13412,0.096663,0.22232,0.091871,0.25717,0.295,0.54249,0.63422,0.64132,0.63843,0.67215,0.58125,0.43925
0.11047,0.13997,0.21814,0.16985,0.20171,0.32357,0.49822,0.64413,0.62728,0.47806,0.81759,0.66216,0.3689
0.14044,0.25378,0.23907,0.16298,0.30793,0.33499,0.35927,0.86361,0.84954,0.52086,0.52037,0.44277,0.2715
0.17114,0.18215,0.21145,0.15353,0.25323,0.39376,0.47162,0.7458,0.88241,0.41494,0.59874,0.48886,0.27596
0.046154,0.091833,0.182,0.19272,0.25781,0.47474,0.45958,0.72219,0.53318,0.68477,0.58601,0.60646,0.38377
0.10717,0.1836,0.20344,0.15686,0.28248,0.36893,0.56434,0.72413,0.71304,0.51272,0.66345,0.58698,0.19196
0.1104,0.18748,0.16365,0.16148,0.2687,0.37822,0.44725,0.73017,0.71321,0.64198,0.63627,0.55677,0.26641
0.098083,0.16168,0.17894,0.17199,0.27498,0.35413,0.45809,0.72688,0.65656,0.56015,0.71031,0.65264,0.25592
0.099498,0.16798,0.18974,0.1816,0.2547,0.39259,0.52691,0.69174,0.62589,0.67982,0.62262,0.59425,0.23068
0.12217,0.19872,0.20301,0.17781,0.30587,0.36472,0.67442,0.87021,0.54034,0.54968,0.61741,0.39956,0.25056
0.22529,0.14554,0.40382,0.3917,0.25856,0.20688,0.31002,0.60614,0.76995,0.21993,0.42093,0.37184,0.8575
0.043164,0.18,0.25614,0.31004,0.24576,0.4529,0.48562,0.72904,0.84482,0.4387,0.41234,0.23481,0.56486
0.12629,0.29232,0.69449,0.33128,0.28514,0.25189,0.39561,0.74769,0.91543,0.22669,0.33764,0.27322,0.36732
0.14343,0.25199,0.58181,0.41663,0.33476,0.37443,0.44686,0.82872,0.88997,0.18208,0.28167,0.24871,0.24308
0.2489,0.23025,0.45259,0.38161,0.37966,0.39123,0.51871,0.93826,0.80998,0.16271,0.25123,0.2008,0.25627
0.16641,0.26031,0.34864,0.30764,0.32749,0.5334,0.5368,0.7305,0.93827,0.22603,0.1233,0.31144,0.35414
0.17373,0.24071,0.40621,0.56085,0.41569,0.38267,0.38678,0.63073,0.97255,0.31233,0.31975,0.33691,0.084913
0.072894,0.18694,0.38598,0.29491,0.44781,0.41873,0.43862,0.81173,0.89229,0.3624,0.40497,0.32537,0.18188
0.16978,0.23013,0.30359,0.16975,0.88232,0.64573,0.64079,0.37997,0.64354,0.2294,0.2415,0.2518,0.34969
0.038256,0.090334,0.2211,0.19328,0.74121,0.72711,0.52658,0.73278,0.38836,0.28633,0.40372,0.34667,0.4439
0.053116,0.14984,0.099499,0.2885,0.53,0.84458,0.58179,0.45678,0.42684,0.46115,0.41562,0.46298,0.3658
0.10746,0.040236,0.2596,0.29593,0.47028,0.55433,0.68996,0.89541,0.5973,0.30553,0.32143,0.3151,0.31308
0.082287,0.12081,0.16283,0.32438,0.64738,0.71398,0.55061,0.8537,0.43025,0.28127,0.31948,0.38731,0.27708
0.1322,0.19033,0.19232,0.31453,0.63515,0.83537,0.60798,0.63285,0.4846,0.21447,0.36643,0.32434,0.21987
0.10556,0.18967,0.18473,0.36985,0.64347,0.72978,0.74001,0.57081,0.42202,0.24339,0.36084,0.34986,0.24294
0.11108,0.18706,0.30732,0.44263,0.34964,0.8322,0.66196,0.66069,0.45532,0.15156,0.31734,0.42045,0.2458
0.027642,0.060672,0.14607,0.3359,0.6517,0.31595,0.25032,0.83975,0.74545,0.43464,0.43256,0.53145,0.41253
0.22217,0.32342,0.24478,0.32455,0.69092,0.653,0.55857,0.87992,0.53615,0.10299,0.16565,0.24224,0.23258
0.27277,0.36678,0.24048,0.38542,0.79849,0.56722,0.46094,0.79008,0.61849,0.23099,0.17032,0.24864,0.059358
0.1143,0.20196,0.35227,0.51416,0.63112,0.57648,0.74304,0.78042,0.39829,0.10759,0.18252,0.20987,0.34227
0.11435,0.25694,0.36571,0.6298,0.6651,0.55413,0.66356,0.75949,0.43091,0.16935,0.14286,0.23023,0.19033
0.14579,0.25581,0.31515,0.37956,0.77825,0.70263,0.6331,0.73122,0.37743,0.12934,0.19981,0.26428,0.24259
